17280
19.911503
2
287213
288828
17280
19.911503
2
283331
286388
17280
19.911503
2
281581
284602
17280
19.911503
2
281479
284467
17280
19.911503
2
281753
284602
17280
19.911503
2
281764
284472
17280
19.911503
2
281405
284278
17280
19.911503
2
281805
284704
17280
19.911503
2
281765
284634
17280
19.911503
2
281718
284548
17280
19.911503
2
281541
284482
17280
19.911503
2
281620
284530
17280
19.911503
2
281571
284597
17280
19.911503
2
281269
284272
17280
19.911503
2
281454
284339
17280
19.911503
2
281489
284620
17280
19.911503
2
281609
284589
17280
19.911503
2
281495
284647
17280
19.911503
2
281593
284444
17280
19.911503
2
281461
284493
17280
19.911503
2
281739
284704
17280
19.911503
2
281431
284271
17280
19.911503
2
281554
284679
17280
19.911503
2
281648
284539
17280
19.911503
2
281651
284624
17280
19.911503
2
281551
284560
17280
19.911503
2
281660
284563
17280
19.911503
2
281730
284598
17280
19.911503
2
281148
284104
17280
19.911503
2
281497
284476
17280
19.911503
2
281573
284610
17280
19.911503
2
281560
284579
17280
19.911503
2
281659
284796
17280
19.911503
2
281645
284640
17280
19.911503
2
281752
284495
17280
19.911503
2
281617
284547
17280
19.911503
2
281482
284470
17280
19.911503
2
281540
284591
17280
19.911503
2
281821
284698
17280
19.911503
2
281643
284621
17280
19.911503
2
281314
284662
17280
19.911503
2
280752
283740
17280
19.911503
2
281491
284449
17280
19.911503
2
281484
284536
17280
19.911503
2
281794
284698
17280
19.911503
2
281501
284716
17280
19.911503
2
281754
284629
17280
19.911503
2
281464
284497
17280
19.911503
2
281701
284662
17280
19.911503
2
281519
284458
17280
19.911503
2
281810
284605
17280
19.911503
2
281663
284637
17280
19.911503
2
281511
284554
17280
19.911503
2
281693
284561
17280
19.911503
2
281701
284639
17280
19.911503
2
281487
284584
17280
19.911503
2
281700
284736
17280
19.911503
2
282524
285175
17280
19.911503
2
282099
284452
17280
19.911503
2
281763
284447
17280
19.911503
2
283543
285658
17280
19.911503
2
284632
287090
17280
19.911503
2
281700
284878
17280
19.911503
2
281587
284678
17280
19.911503
2
281571
284608
17280
19.911503
2
281679
284636
19200
22.123894
3
280957
291769
17280
19.911503
2
281486
284546
17280
19.911503
2
281531
284493
17280
19.911503
2
281172
284242
17280
19.911503
2
281459
284528
17280
19.911503
2
281592
284533
17280
19.911503
2
281502
284428
17280
19.911503
2
281328
284379
17280
19.911503
2
281574
284637
17280
19.911503
2
281415
284503
