557952
642.92035
14
219847
270070
0.22844523
24384
28.097347
7
29716
58535
0.96981424
14400
16.59292
6
46079
46736
0.014258122
36672
42.256638
6
46590
47437
0.018179867
23424
26.99115
4
44130
45530
0.03172445
94464
108.84956
10
45250
45786
0.011845304
33024
38.053097
4
42203
43924
0.04077909
26880
30.973452
4
42218
44960
0.0649486
50304
57.9646
4
44666
44758
0.0020597323
56448
65.04425
4
43666
43783
0.0026794302
36288
41.81416
4
45420
45448
6.164685E-4
16128
18.58407
5
43984
44713
0.01657421
54144
62.38938
4
44059
45393
0.030277582
16512
19.026548
3
44486
44609
0.0027649149
21696
25.0
7
44076
45687
0.036550503
28608
32.964603
7
44876
46289
0.031486765
306816
353.53983
6
58834
59222
0.006594826
53376
61.504425
3
44500
44565
0.0014606741
