536640
132096
152.21239
12
45763
49348
0.07833839
17280
19.911503
3
45084
49188
0.091030076
35712
41.15044
3
42398
50664
0.19496202
24960
28.761063
3
43867
47125
0.07426995
14016
16.150442
3
43917
49056
0.11701619
44160
50.884956
6
44944
49829
0.10869081

23232
26.769913
4
44249
48399
0.09378743
27648
31.858408
4
45518
48963
0.075684346
9024
10.39823
7
45182
51740
0.1451463
18432
21.238937
4
45024
49890
0.10807569

15936
18.362831
4
45013
50035
0.11156777
18816
21.681416
6
46312
50558
0.0916825
73728
84.95575
10
47341
52246
0.10360998
