11328
13.053097
5
240433
268931
8064
9.292035
5
240027
259947
10944
12.610619
5
240530
268091
13248
15.265487
6
241952
276940
11136
12.831858
5
242128
272459
9600
11.061947
5
240717
266278
11136
12.831858
5
240016
268199
11904
13.716814
6
239963
277455
13632
15.707965
7
240156
281447
14784
17.035398
6
240137
283767
9408
10.840708
5
239856
263440
10944
12.610619
5
239738
267580
12096
13.938053
5
238273
268636
9600
11.061947
5
240176
263687
10368
11.946902
5
240153
265880
9408
10.840708
5
240188
263424
11136
12.831858
5
240034
270117
9984
11.504425
5
240192
267400
9984
11.504425
4
240151
267083
