1728
1.9911505
2
245220
247277
1728
1.9911505
2
242120
245186
1728
1.9911505
2
243145
244041
1920
2.2123895
2
248364
251784
1728
1.9911505
2
240904
243759
1728
1.9911505
2
242129
244823
1728
1.9911505
2
240200
243689
768
0.88495576
2
238770
246761
1728
1.9911505
2
240012
243761
1728
1.9911505
2
239881
243307
0
0.0
2
238079
238616
1728
1.9911505
2
240097
243621
1728
1.9911505
2
240498
243636
1728
1.9911505
2
240051
243626
1728
1.9911505
2
239164
243174
1728
1.9911505
2
240661
243732
1728
1.9911505
2
241111
243687
1728
1.9911505
2
239395
243656
1728
1.9911505
2
239756
243633
1728
1.9911505
2
240254
243616
1728
1.9911505
2
239684
243612
1728
1.9911505
2
239660
243582
1728
1.9911505
2
239918
243460
1728
1.9911505
2
240280
243570
1728
1.9911505
2
240562
244211
1728
1.9911505
2
239964
243508
1728
1.9911505
2
239931
243525
1728
1.9911505
2
240198
243623
1728
1.9911505
2
239312
243451
1728
1.9911505
2
240263
243753
1728
1.9911505
2
240072
243569
1728
1.9911505
2
240356
243636
1728
1.9911505
2
240201
243652
1728
1.9911505
2
239544
243443
1728
1.9911505
2
239712
243667
1728
1.9911505
2
239988
243722
1728
1.9911505
2
240479
243734
1728
1.9911505
2
241039
243777
1728
1.9911505
2
240432
243731
1728
1.9911505
2
240438
243802
1728
1.9911505
2
239365
243457
1728
1.9911505
2
240552
243648
1728
1.9911505
2
239230
243203
1728
1.9911505
2
240241
243757
1728
1.9911505
2
239977
243759
1728
1.9911505
2
240382
243622
1728
1.9911505
2
239951
243713
1728
1.9911505
2
240594
243608
1728
1.9911505
2
240050
243628
1728
1.9911505
2
239582
243564
1728
1.9911505
2
240216
243762
1728
1.9911505
2
240069
243614
1728
1.9911505
2
240677
243876
1728
1.9911505
2
239901
243778
1728
1.9911505
2
239955
243656
1728
1.9911505
2
240442
243743
1728
1.9911505
2
239450
243554
