1728
1.9911505
2
245149
252095
1728
1.9911505
2
241145
245139
1728
1.9911505
2
242654
244595
1920
2.2123895
2
248466
252250
1728
1.9911505
2
240804
243758
1728
1.9911505
2
240563
243839
1728
1.9911505
2
239668
243688
1728
1.9911505
2
239598
243365
1728
1.9911505
2
239460
243108
1728
1.9911505
2
240145
243476
0
0.0
2
238690
244084
1728
1.9911505
2
240502
243791
1728
1.9911505
2
240403
243694
1728
1.9911505
2
240165
243657
1728
1.9911505
2
239708
243639
1728
1.9911505
2
240256
243383
1728
1.9911505
2
240754
243850
1728
1.9911505
2
239085
242981
1728
1.9911505
2
239698
243780
1728
1.9911505
2
240837
243824
1728
1.9911505
2
240128
243662
1728
1.9911505
2
240070
243616
1728
1.9911505
2
240016
243474
1728
1.9911505
2
240618
243792
1728
1.9911505
2
239528
243735
1728
1.9911505
2
240168
243674
1728
1.9911505
2
240296
243599
1728
1.9911505
2
240417
243570
1728
1.9911505
2
240179
243586
1728
1.9911505
2
239430
243682
1728
1.9911505
2
240271
243723
1728
1.9911505
2
240604
243631
1728
1.9911505
2
240706
243880
1728
1.9911505
2
238690
243012
1728
1.9911505
2
240567
243755
1728
1.9911505
2
240262
243737
1728
1.9911505
2
240772
243680
1728
1.9911505
2
240485
243785
1728
1.9911505
2
240048
243320
1728
1.9911505
2
239794
243432
1728
1.9911505
2
240102
243607
1728
1.9911505
2
240916
243812
1728
1.9911505
2
239777
243389
1728
1.9911505
2
240101
243781
1728
1.9911505
2
239431
243861
1728
1.9911505
2
240485
243681
1728
1.9911505
2
239224
243214
1728
1.9911505
2
240618
243762
1728
1.9911505
2
239708
243496
1728
1.9911505
2
239147
242929
1728
1.9911505
2
240242
243624
1728
1.9911505
2
240373
243570
1728
1.9911505
2
240229
243456
1728
1.9911505
2
240017
243876
1728
1.9911505
2
240162
243628
1728
1.9911505
2
240408
243623
1728
1.9911505
2
239154
243222
