7104
8.185841
5
25214
25214
0.0
8064
9.292035
5
25439
25439
0.0
9600
11.061947
4
23188
23188
0.0
7680
8.849558
5
25341
25341
0.0
6912
7.964602
4
22725
22725
0.0
6144
7.079646
4
22521
22521
0.0
6912
7.964602
4
22737
22737
0.0
4800
5.5309734
4
22298
22298
0.0
6144
7.079646
4
22465
22465
0.0
7488
8.628319
4
22868
22868
0.0
7488
8.628319
5
25307
25307
0.0
7296
8.40708
4
22754
22754
0.0
5376
6.19469
4
22426
22426
0.0
6336
7.300885
4
22626
22626
0.0
5952
6.858407
3
24026
24026
0.0
6528
7.5221243
4
22838
22838
0.0
6720
7.743363
4
22815
22815
0.0
7296
8.40708
4
23249
23249
0.0
4800
5.5309734
4
22392
22392
0.0
6336
7.300885
4
22578
22578
0.0
6528
7.5221243
4
23007
23007
0.0
6912
7.964602
4
22636
22636
0.0
