333504
32064
36.946903
8
44017
48919
0.11136606
29184
33.62832
3
43084
43668
0.013554916
8832
10.1769905
5
46471
51057
0.098685205
82560
95.132744
12
46022
49219
0.06946678
52800
60.84071
10
46570
51070
0.09662873
55872
64.38053
6
45640
46759
0.024517966
30912
35.61947
4
43201
44592
0.03219833

16704
19.247787
4
44575
45185
0.013684801
20928
24.115044
3
41550
42735
0.028519856
21120
24.336283
4
43941
45034
0.024874263
21696
25.0
6
44736
45852
0.024946352
42048
48.45133
6
44624
45749
0.025210649
306432
353.09735
6
58803
60125
0.022481846
