1728
1.9911505
3
231947
239013
1728
1.9911505
3
231969
238995
1728
1.9911505
3
231696
238766
1728
1.9911505
3
231829
238866
1728
1.9911505
3
231819
238708
1728
1.9911505
3
232119
239144
1728
1.9911505
3
231833
238824
1728
1.9911505
3
231864
238905
1728
1.9911505
3
231784
238774
1728
1.9911505
3
232517
239504
1728
1.9911505
3
231865
238917
1728
1.9911505
3
231851
238894
1728
1.9911505
3
231749
238797
1728
1.9911505
3
231932
239027
1728
1.9911505
3
231845
238757
1728
1.9911505
3
232407
239412
1728
1.9911505
3
232016
238940
1728
1.9911505
3
231912
239000
1728
1.9911505
3
232087
239350
