276288
318.36282
15
229113
250022
0.09126064
68736
79.20354
10
45455
56192
0.23621164
11520
13.274336
3
45781
46703
0.020139359
45504
52.433628
9
47029
47158
0.0027429883
67968
78.31858
10
45464
45738
0.0060267462
23232
26.769913
5
43482
44426
0.021710133
67392
77.65487
10
44277
45492
0.027440883
13632
15.707965
4
45020
45069
0.0010884051
8640
9.955751
3
44825
45159
0.007451199
28224
32.522125
4
43486
44679
0.027434116
8832
10.1769905
7
45783
46354
0.012471878
24384
28.097347
5
42180
43748
0.037174016
4992
5.7522125
3
43779
45159
0.03152196
4992
5.7522125
3
43748
45064
0.030081375
4992
5.7522125
3
44372
45820
0.032633193
51840
59.734512
10
46371
46762
0.008431994
306240
352.87613
9
57844
59698
0.032051727
21504
24.77876
10
48286
48368
0.0016982148
