1403103030685


1403103087648
1403166011260


1403166081591
1403166118821


1403166169822
1403180672762


1403180729536
1403180749648


1403180796743
1403180816381


1403180864442
1403180883651


1403180932712
1403180951533


1403181001386
1403181020094


1403181070881
1403181089373


1403181140320
1403181159051


1403181211317
1403181229598


1403181282938
1403181301280


1403181355428
1403181373435


1403181428330
1403181446489


1403181502133
1403181520014


1403181576218
1403181593894


1403181650576
1403181670206


1403181717471
1403181737108


1403181785130
1403181804617


1403181853780
1403181871871


1403181921874
1403181939875


1403181990891
1403182008746


1403182060020
1403182077450


1403182129752
1403182148065


1403182201443
1403182219015


1403182273667
1403182290479


1403182345327
1403182362362


1403182417596
1403182435161


1403182491523
1403182509549


1403182566578
1403182585419


1403182632531
1403182651434


1403182699695
1403182747814


1403182804487
1403182823456


1403182870479
1403182889985


1403182938249
1403182956962


1403183006016
1403183024488


1403183074265
1403183092666


1403183143261
1403183161425


1403183212464
1403183231041


1403183283956
1403183301925


1403183355340
1403183373749


1403183428009
1403183445476


1403183500340
1403183517510


1403183573405
1403183590441


1403183647412
1403183665086


1403183722360
1403183741369


1403183789053
1403183807161


1403183855510
1403183874267


1403183923264
1403183941238


1403183990679
1403184009693


1403184060570
1403184079402


1403184131138
1403184149356


1403184202477
1403184219822


1403184273346
1403184290629


1403184345111
1403184362779


1403184417322
1403184435146


1403184490543
1403184507813


1403184564528
1403184583844


1403184641859
1403184659643


1403184707420
1403184725711


1403184774008
1403184792620


1403184841626
1403184859702


1403184909116
1403184928062


1403184978537
1403184996362


1403185047800
1403185065495


1403185118222
1403185135873


1403185189719
1403185206734


1403185260990
1403185278291


1403185332807
1403185350346


1403185405892
1403185423071


1403185479407
1403185496682


1403185553817
1403185572761


1403185620429
1403185638334


1403185686803
1403185704994


1403185753967
1403185772140


1403185821636
1403185840055


1403185890563
1403185908142


1403185959398
1403185977233


1403186029854
1403186047516


1403186100804
1403186118450


1403186172470
1403186190169


1403186245037
1403186263113


1403186318833
1403186336708


1403186393717
1403186410533


1403186489692
1403186507712


1403186566346
1403186585364


1403186643552
1403186662782


1403186727268
1403186746369


1403186795731
1403186814649


1403186865112
1403186883519


1403186934636
1403186953137


1403187005507
1403187023469


1403187077098
1403187095870


1403187149596
1403187167760


1403187222504
1403187240666


1403187295877
1403187313972


1403187369913
1403187388336


1403187461716
1403187481450


1403187544988
1403187563593


1403187622292
1403187641460


1403187690127
1403187709636


1403187759011
1403187778101


1403187828137
1403187846994


1403187897796
1403187916591


1403187968709
1403187987603


1403188040444
1403188059554


1403188113295
1403188132146


1403188186354
1403188205367


1403188260551
1403188278770


1403188334435
1403188353060


1403188423854
1403188443231


1403188528323
1403188547790


1403188613177
1403188631924


1403188697098
1403188716177


1403188791078
1403188810307


1403188891561
1403188910990


1403188961612
1403188981012


1403189032987
1403189052069


1403189104763
1403189124225


1403189178011
1403189196598


1403189250422
1403189269600


1403189324274
1403189343433


1403189398914
1403189417977


1403189488500
1403189507890


1403189572633
1403189592006


1403189689964
1403189712178


1403189790420
1403189812535


1403189905339
1403189927757


1403190002824
1403190021542


1403190072253
1403190091326


1403190143723
1403190161486


1403190214494
1403190232918


1403190298543
1403190320567


1403190374684
1403190393819


1403190448522
1403190466937


1403190522471
1403190541226


1403190608110
1403190627167


1403190699299
1403190717967


1403190833220
1403190854960


1403190941902
1403190960996


1403191033836
1403191052877


1403191139845
1403191158596


1403191230905
1403191249847


1403191312478
1403191331287


1403191384053
1403191403279


1403191456560
1403191475324


1403191529135
1403191548591


1403191602865
1403191622383


1403191677836
1403191696454


1403191798486
1403191817617


1403191905028
1403191924200


1403191998049
1403192017602


1403192105937
1403192124887


1403192222119
1403192234399


1403192306884
1403192326207


1403192408374
1403192426923


1403192510098
1403192529202


1403192597997
1403192615947


1403192669440
1403192688476


1403192757879
1403192776681


1403192831438
1403192849958


1403192905517
1403192924030


1403193019041
1403193038539


1403193131267
1403193153405


1403193228189
1403193247347


1403193342552
1403193361706


1403193463163
1403193485277


1403193588206
1403193609194


1403193705148
1403193723937


1403193827119
1403193846256


1403193957208
1403193976431


1403194085989
1403194104924


1403194201761
1403194222567


1403194298806
1403194324964


1403194380171
1403194399613


1403194473599
1403194493345


1403194599999
1403194621630


1403194731164
1403194750554


1403194895276
1403194914620


1403195022851
1403195045005


1403195119393
1403195139169


1403195219576
1403195238736


1403195329672
1403195349264


1403195459557
1403195479013


1403195568274
1403195587544


1403195683387
1403195702127


1403195778683
1403195800951


1403195856345
1403251392340


1403251449015
1403251759273


1403251812185
1403251976829


1403252023765
1403252453144


1403252500121
1403252882269


1403252929696
1403253068649


1403253120281
1403253284072


1403253331915
1403253516926


1403253563949
1403253582123


1403253629251
1403253647300


1403253695093
1403253712935


1403253762113
1403253779323


1403253828855
1403253846224


1403253896345
1403253913999


1403253964738
1403253982378


1403254034528
1403254051949


1403254105246
1403254122387


1403254176301
1403254193054


1403254247277
1403254264518


1403254319579
1403254336455


1403254392712
1403254409108


1403254456116
1403254474123


1403254521485
1403254541303


1403254590255
1403254607494


1403254656652
1403254675592
1403254700922


1403254751827
1403254768593


1403254819781
1403254836979
1403256914571


1403256968419
1403256988308


1403257042219
1403257061143


1403257116142
1403257134531


1403257190175
1403257208482


1403257265696
1403257282942


1403257335487
1403257354974


1403257402416
1403257422013


1403257470159
1403257489732


1403257538676
1403257558163


1403257608022
1403257627263


1403257678089
1403257696603


1403257748254
1403257767343


1403257820091
1403257838766


1403257891992
1403257910957


1403257965157
1403257983565


1403258038354
1403258056970


1403258112871
1403258131113


1403258187502
1403258205550


1403258263070
1403258282563


1403258330109
1403258349733


1403258397924
1403258417735


1403258466750
1403258486165


1403258536124
1403258555304


1403258606172
1403258624785


1403258676297
1403258695009


1403258747559
1403258766433


1403258819627
1403258838356


1403258892285
1403258911171


1403258966093
1403258984339


1403259040148
1403259058226


1403259114524
1403259132929


1403259206538
1403259226099


1403259280472
1403259299627


1403259353223
1403259372687


1403259434606
1403259456325


1403259505832
1403259525504


1403259575863
1403259595135


1403259646145
1403259665394


1403259717649
1403259737012


1403259789959
1403259809238


1403259863173
1403259882154


1403259936563
1403259955626


1403260011084
1403260029578


1403260098577
1403260119623


1403260178750
1403260197984


1403260256846
1403260276046


1403260329956
1403260349192


1403260398246
1403260417605


1403260466932
1403260486689


1403260537017
1403260556352


1403260607725
1403260626523


1403260678798
1403260698191


1403260751227
1403260770429


1403260823972
1403260843309


1403260897781
1403260916738


1403260972115
1403260990434


1403261046452
1403261065044


1403261125943
1403261145263


1403261216629
1403261235895


1403261296628
1403261315963


1403261382015
1403261401101


1403261474884
1403261496566


1403261546770
1403261566364


1403261617083
1403261636735


1403261688971
1403261708396


1403261761308
1403261780691


1403261834579
1403261853445


1403261920841
1403261942375


1403261997372
1403262016586


1403262072217
1403262091234


1403262164252
1403262186097


1403262251696
1403262271230


1403262331509
1403262350769


1403262412323
1403262431395


1403262497340
1403262516203


1403262576970
1403262596077


1403262647028
1403262666331


1403262718288
1403262737991


1403262790975
1403262810056


1403262863681
1403262882962


1403262937041
1403262956363


1403263011143
1403263030420


1403263099230
1403263120450


1403263203362
1403263221999


1403263289478
1403263308756


1403263391483
1403263410583


1403263479041
1403263497978


1403263591115
1403263610245


1403263673317
1403263692692


1403263775449
1403263795035


1403263858517
1403263877428


1403263940820
1403263960066


1403264013644
1403264032755


1403264088189
1403264105373


1403264160257
1403264179430


1403264235070
1403264254153


1403264322204
1403264341291


1403264443862
1403264462027


1403264529987
1403264547472


1403264615610
1403264634733


1403264722819
1403264741944


1403264804712
1403264823785


1403264891673
1403264910030


1403264962058
1403264981418


1403265034617
1403265054336


1403265107596
1403265126520


1403265180607
1403265199179


1403265253969
1403265272424


1403265328532
1403265347602


1403265424028
1403265442793


1403265513944
1403265532675


1403265636239
1403265657046


1403265742364
1403265761100


1403265826215
1403265849179


1403265938654
1403265952951


1403266029052
1403266047988


1403266140720
1403266162118


1403266233948
1403266250137


1403266337066
1403266354145


1403266424053
1403266443065


1403266534395
1403266552832


1403266639386
1403266658402


1403266740015
1403266761906


1403266865096
1403266886796


1403266974040
1403266990457


1403267076996
1403267099314


1403267205124
1403267223979


1403267326278
1403267348088


1403267418695
1403267437440


1403267524703
1403267546234


1403267634089
1403267650842


1403267728623
1403267750070


1403267836194
1403267854596


1403267938270
1403267959582


1403268014877
1403269753241


1403269790466
1403269964608


1403270001836
1403270852945


1403270890144
1403270994949


1403271032145
1403271994398


1403272031609
1403273263785


1403273300967
1403275410709


1403275447952
1403524041616
1403524098274
1403524153709


1403524186110
1403524339424


1403524377574
1403536241754


1403536290197
1403536442806


1403536481436
1403536672973
1403537508441


1403537546973
1403538738822


1403538784286
1403539723907


1403539749097
1403540157315


1403540198462
1403596250294


1403596290730
1403597018169


1403597055533
1403597943508


1403597980724
1403612049454


1403612086873
1403614799890


1403614837227
1403621670176
1403621865266
1403622327419
1403622360124
1403622718681
1403622750984
1403622781055
1403622812301
1403622842954
1403622873202
1403622903904
1403622934550
1403684120376
1403684153882
1403684293077
1403684316599
1403684489387


1403684512184
1403685381937
1403685427484
1403685432184
1403686031734


1403686054472
1403686153037


1403686175756
1403686263703


1403686297481
1403686876652


1403686904683
1403687097937
1403689818737
1403690027555
1403690231834
1403690277315
1403690323107
1403690369626
1403690416951
1403690464573
1403690512498
1403690561108
1403690610472
1403690660372
1403690710608
1403690761382
1403690812644
1403690864449
1403690908701
1403690952885
1403690999263
1403691044247
1403691091924
1403691140145
1403691188708
1403691238249
1403691286128
1403691336407
1403691387178
1403691438243
1403691490064
1403691535843
1403691580255
1403691627167
1403691674465
1403691720044
1403691768136
1403691816963
1403691866345
1403691914124
1403691964530
1403692015211
1403692066307
1403692118135
1403692164210
1403692210600
1403692257333
1403692304611
1403692352281
1403692398221
1403692446690
1403692496012
1403692543900
1403692594233
1403692645064
1403692696292
1403692748011
1403692793730
1403692840236
1403692887060
1403692934401
1403692980063
1403693028199
1403693077410
1403693126912
1403693180616
1403693230916
1403693279464
1403693330713
1403693382423
1403693428344
1403693474683
1403693521291
1403693568691
1403693616322
1403693664423
1403693713019
1403693762468
1403693812300
1403693862666
1403693913341
1403693964536
1403694016213
1403694062055
1403694108399
1403694155068
1403694202481
1403694249924
1403694295679
1403694344227
1403694393855
1403694441755
1403694489884
1403694540342
1403694591556
1403694643448
1403694689295
1403694735485
1403694780132
1403694827291
1403694874932
1403694922967
1403694969355
1403695018790
1403695068726
1403695119055
1403695169809
1403695220894
1403695272555
1403695318373
1403695364530
1403695411244
1403695456435
1403695503704
1403695551875
1403695600425
1403695649959
1403695700044
1403695750474
1403695801176
1403695852508
1403695904443
1403695950302
1403695996668
1403696043263
1403696088608
1403696136506
1403696184508
1403696233093
1403696280693
1403696330619
1403696380850
1403696431586
1403696482694
1403696534239
1403696583103
1403696627477
1403696672045
1403696717152
1403696762742
1403696808702
1403696855209
1403696902857
1403696951196
1403697000000
1403697048483
1403697097998
1403697147637
1403697196443
1403697240656
1403697285470
1403697331487
1403697377621
1403697423638
1403697469838
1403697517206
1403697565030
1403697613526
1403697662348
1403697711427
1403697761568
1403697811251
1403697857254
1403697902760
1403697948343
1403697993917
1403698041095
1403698088074
1403698135332
1403698183596
1403698232696
1403698281923
1403698331380
1403698380928
1403698434891
1403698479285
1403698523903
1403698568899
1403698614561
1403698660529
1403698706912
1403698754229
1403698802122
1403698850746
1403698900473
1403698950339
1403699000088
1403699056019
1403699100490
1403699146000
1403699191835
1403699237507
1403699284037
1403699330767
1403699378417
1403699426394
1403699474795
1403699525401
1403699575453
1403699637361
1403699686644
1403699731813
1403699776595
1403699821933
1403699868999
1403699916898
1403699963750
1403700060693
1403700274427
1403700449113
1403700704255
1403700756283
1403700804412
1403700854246
1403700904310
1403700954482
1403701004683
1403701054549
1403701104628
1403701154709
1403701204900
1403701254787
1403701304971
1403701355004
1403701407372
1403701455841
1403701505815
1403701556171
1403701606156
1403701656205
1403701706484
1403701756978
1403701806750
1403701856356
1403701906723
1403701956623
1403702006716
1403702057185
1403702106631
1403702156857
1403702207400
1403702257598
1403702309030
1403702357943
1403702407464
1403702458575
1403702507974
1403702558040
1403702607714
1403702657736
1403702707767
1403702757788
1403702807851
1403702857852
1403702907981
1403702958276
1403703008435
1403703058307
1403703108691
1403703158512
1403703209722
1403703259365
1403703309138
1403703359333
1403703409200
1403703460023
1403703509642
1403703559800
1403703609816
1403703660007
1403703709925
1403703760164
1403703810107
1403703860388
1403703910290
1403703960371
1403704010468
1403704060575
1403704110676
1403704161088
1403704210666
1403704260924
1403704311165
1403704361249
1403704411221
1403704461729
1403704511356
1403704561396
1403704611461
1403704661568
1403704711674
1403704761671
1403704811746
1403704861568
1403704911818
1403704961739
1403705012029
1403705061853
1403705111949
1403705162119
1403705212026
1403705262228
1403705312140
1403705362466
1403705412430
1403705462567
1403705512697
1403705562677
1403705612523
1403705662843
1403705712697
1403705763013
1403705812842
1403705863116
1403705917771
1403705963380
1403706013141
1403706063810
1403706113505
1403706163535
1403706213629
1403706263675
1403706313774
1403706363906
1403706413982
1403706463940
1403706514089
1403706564124
1403706614158
1403707155980
1403707480322
1403708034540
1403708068974
1403708100520
1403709085173
