8.849558
7.3008847
11.061947
9.734513
12.168141
9.513274
11.061947
12.38938
13.716814
12.38938
7.3008847
10.619469
10.398231
9.734513
9.070796
9.734513
7.3008847
8.628319
9.070796
11.283186
8.849558
7.3008847
11.061947
9.734513
12.168141
9.513274
11.061947
12.38938
13.716814
12.38938
7.3008847
10.619469
10.398231
9.734513
9.070796
9.734513
7.3008847
8.628319
9.070796
11.283186
8.849558
7.3008847
11.061947
9.734513
12.168141
9.513274
11.061947
12.38938
13.716814
12.38938
7.3008847
10.619469
10.398231
9.734513
9.070796
9.734513
7.3008847
8.628319
9.070796
11.283186
8.849558
7.3008847
11.061947
9.734513
12.168141
9.513274
11.061947
12.38938
13.716814
12.38938
7.3008847
10.619469
10.398231
9.734513
9.070796
9.734513
7.3008847
8.628319
9.070796
11.283186
