3.9568346
3.9568346
3.9568346
3.9568346
3.9568346
3.9568346
3.9568346
3.9568346
3.9568346
3.9568346
3.9568346
3.9568346
3.9568346
3.9568346
3.9568346
3.9568346
3.9568346
4.076739
3.9568346
3.9568346
3.9568346
3.9568346
3.9568346
3.9568346
3.9568346
3.9568346
3.9568346
3.9568346
3.9568346
3.9568346
3.9568346
3.9568346
3.9568346
3.9568346
3.9568346
3.9568346
3.9568346
4.076739
3.9568346
3.9568346
3.9568346
3.9568346
3.9568346
3.9568346
3.9568346
3.9568346
3.9568346
3.9568346
3.9568346
3.9568346
3.9568346
3.9568346
3.9568346
3.9568346
3.9568346
3.9568346
3.9568346
4.076739
3.9568346
3.9568346
3.9568346
3.9568346
3.9568346
3.9568346
3.9568346
3.9568346
3.9568346
3.9568346
3.9568346
3.9568346
3.9568346
3.9568346
3.9568346
3.9568346
3.9568346
3.9568346
3.9568346
4.076739
3.9568346
3.9568346
