48.402
48.465
48.563
48.516
48.685
48.277
48.478
49.621
48.277
48.733
48.061
49.733
49.494
49.761
48.459
48.69
48.447
48.804
48.574
48.341
48.402
48.465
48.563
48.516
48.685
48.277
48.478
49.621
48.277
48.733
48.061
49.733
49.494
49.761
48.459
48.69
48.447
48.804
48.574
48.341
48.402
48.465
48.563
48.516
48.685
48.277
48.478
49.621
48.277
48.733
48.061
49.733
49.494
49.761
48.459
48.69
48.447
48.804
48.574
48.341
48.402
48.465
48.563
48.516
48.685
48.277
48.478
49.621
48.277
48.733
48.061
49.733
49.494
49.761
48.459
48.69
48.447
48.804
48.574
48.341
48.402
48.465
48.563
48.516
48.685
48.277
48.478
49.621
48.277
48.733
48.061
49.733
49.494
49.761
48.459
48.69
48.447
48.804
48.574
48.341
