5.995204
5.995204
5.995204
5.995204
5.995204
5.995204
5.995204
5.995204
6.115108
5.995204
5.995204
5.995204
5.995204
5.995204
5.995204
5.995204
5.995204
5.995204
5.995204
5.995204
5.995204
5.995204
5.995204
5.995204
5.995204
5.995204
5.995204
5.995204
6.115108
5.995204
5.995204
5.995204
5.995204
5.995204
5.995204
5.995204
5.995204
5.995204
5.995204
5.995204
5.995204
5.995204
5.995204
5.995204
5.995204
5.995204
5.995204
5.995204
6.115108
5.995204
5.995204
5.995204
5.995204
5.995204
5.995204
5.995204
5.995204
5.995204
5.995204
5.995204
5.995204
5.995204
5.995204
5.995204
5.995204
5.995204
5.995204
5.995204
6.115108
5.995204
5.995204
5.995204
5.995204
5.995204
5.995204
5.995204
5.995204
5.995204
5.995204
5.995204
5.995204
5.995204
5.995204
5.995204
5.995204
5.995204
5.995204
5.995204
6.115108
5.995204
5.995204
5.995204
5.995204
5.995204
5.995204
5.995204
5.995204
5.995204
5.995204
5.995204
