19.469027
20.353983
23.23009
17.477877
21.681416
23.672565
20.353983
17.035398
21.460176
19.911505
21.017698
19.469027
22.566372
18.141592
22.566372
21.017698
21.902655
21.902655
25.663717
19.690266
19.469027
20.353983
23.23009
17.477877
21.681416
23.672565
20.353983
17.035398
21.460176
19.911505
21.017698
19.469027
22.566372
18.141592
22.566372
21.017698
21.902655
21.902655
25.663717
19.690266
19.469027
20.353983
23.23009
17.477877
21.681416
23.672565
20.353983
17.035398
21.460176
19.911505
21.017698
19.469027
22.566372
18.141592
22.566372
21.017698
21.902655
21.902655
25.663717
19.690266
19.469027
20.353983
23.23009
17.477877
21.681416
23.672565
20.353983
17.035398
21.460176
19.911505
21.017698
19.469027
22.566372
18.141592
22.566372
21.017698
21.902655
21.902655
25.663717
19.690266
19.469027
20.353983
23.23009
17.477877
21.681416
23.672565
20.353983
17.035398
21.460176
19.911505
21.017698
19.469027
22.566372
18.141592
22.566372
21.017698
21.902655
21.902655
25.663717
19.690266
