18.944845
18.82494
16.786572
17.386091
20.143885
20.023981
18.585133
19.424461
18.22542
15.827338
18.105516
16.187052
18.465229
17.985613
17.985613
17.026379
16.546762
17.386091
16.786572
18.944845
18.82494
16.786572
17.386091
20.143885
20.023981
18.585133
19.424461
18.22542
15.827338
18.105516
16.187052
18.465229
17.985613
17.985613
17.026379
16.546762
17.386091
16.786572
18.944845
18.82494
16.786572
17.386091
20.143885
20.023981
18.585133
19.424461
18.22542
15.827338
18.105516
16.187052
18.465229
17.985613
17.985613
17.026379
16.546762
17.386091
16.786572
18.944845
18.82494
16.786572
17.386091
20.143885
20.023981
18.585133
19.424461
18.22542
15.827338
18.105516
16.187052
18.465229
17.985613
17.985613
17.026379
16.546762
17.386091
16.786572
