50.099
50.154
50.415
50.137
50.39
50.541
50.355
50.19
50.068
50.051
49.903
50.443
50.28
50.394
50.338
50.419
50.433
50.311
50.171
50.447
50.099
50.154
50.415
50.137
50.39
50.541
50.355
50.19
50.068
50.051
49.903
50.443
50.28
50.394
50.338
50.419
50.433
50.311
50.171
50.447
50.099
50.154
50.415
50.137
50.39
50.541
50.355
50.19
50.068
50.051
49.903
50.443
50.28
50.394
50.338
50.419
50.433
50.311
50.171
50.447
50.099
50.154
50.415
50.137
50.39
50.541
50.355
50.19
50.068
50.051
49.903
50.443
50.28
50.394
50.338
50.419
50.433
50.311
50.171
50.447
