17.985613
15.2278185
15.827338
15.827338
18.585133
17.745804
17.6259
19.664268
16.666668
16.666668
20.503597
14.868106
17.6259
18.465229
18.705036
15.107913
19.904078
15.347722
16.426859
17.985613
15.2278185
15.827338
15.827338
18.585133
17.745804
17.6259
19.664268
16.666668
16.666668
20.503597
14.868106
17.6259
18.465229
18.705036
15.107913
19.904078
15.347722
16.426859
17.985613
15.2278185
15.827338
15.827338
18.585133
17.745804
17.6259
19.664268
16.666668
16.666668
20.503597
14.868106
17.6259
18.465229
18.705036
15.107913
19.904078
15.347722
16.426859
