45.11
44.992
45.343
45.051
45.04
46.328
45.306
44.942
45.122
44.984
45.006
45.056
45.419
45.236
45.128
45.377
45.229
45.199
45.418
45.408
45.11
44.992
45.343
45.051
45.04
46.328
45.306
44.942
45.122
44.984
45.006
45.056
45.419
45.236
45.128
45.377
45.229
45.199
45.418
45.408
45.11
44.992
45.343
45.051
45.04
46.328
45.306
44.942
45.122
44.984
45.006
45.056
45.419
45.236
45.128
45.377
45.229
45.199
45.418
45.408
45.11
44.992
45.343
45.051
45.04
46.328
45.306
44.942
45.122
44.984
45.006
45.056
45.419
45.236
45.128
45.377
45.229
45.199
45.418
45.408
