44.968
44.949
44.607
44.558
44.692
44.445
44.919
44.628
44.531
44.398
44.591
44.62
44.475
44.389
44.422
45.029
44.553
44.877
44.52
44.6
44.968
44.949
44.607
44.558
44.692
44.445
44.919
44.628
44.531
44.398
44.591
44.62
44.475
44.389
44.422
45.029
44.553
44.877
44.52
44.6
44.968
44.949
44.607
44.558
44.692
44.445
44.919
44.628
44.531
44.398
44.591
44.62
44.475
44.389
44.422
45.029
44.553
44.877
44.52
44.6
44.968
44.949
44.607
44.558
44.692
44.445
44.919
44.628
44.531
44.398
44.591
44.62
44.475
44.389
44.422
45.029
44.553
44.877
44.52
44.6
44.968
44.949
44.607
44.558
44.692
44.445
44.919
44.628
44.531
44.398
44.591
44.62
44.475
44.389
44.422
45.029
44.553
44.877
44.52
44.6
