11.870503
13.069545
10.191847
10.5515585
12.949639
9.712231
9.952039
10.791367
12.230216
10.191847
11.390887
11.390887
10.31175
8.033573
13.6690645
11.270984
10.671463
11.031176
9.832134
10.911271
11.870503
13.069545
10.191847
10.5515585
12.949639
9.712231
9.952039
10.791367
12.230216
10.191847
11.390887
11.390887
10.31175
8.033573
13.6690645
11.270984
10.671463
11.031176
9.832134
10.911271
11.870503
13.069545
10.191847
10.5515585
12.949639
9.712231
9.952039
10.791367
12.230216
10.191847
11.390887
11.390887
10.31175
8.033573
13.6690645
11.270984
10.671463
11.031176
9.832134
10.911271
11.870503
13.069545
10.191847
10.5515585
12.949639
9.712231
9.952039
10.791367
12.230216
10.191847
11.390887
11.390887
10.31175
8.033573
13.6690645
11.270984
10.671463
11.031176
9.832134
10.911271
