7.964602
10.176991
8.185841
10.840708
10.398231
7.964602
8.628319
12.38938
8.40708
9.955752
9.734513
8.849558
11.725664
11.061947
10.398231
9.292035
9.513274
10.840708
6.858407
11.504425
7.964602
10.176991
8.185841
10.840708
10.398231
7.964602
8.628319
12.38938
8.40708
9.955752
9.734513
8.849558
11.725664
11.061947
10.398231
9.292035
9.513274
10.840708
6.858407
11.504425
7.964602
10.176991
8.185841
10.840708
10.398231
7.964602
8.628319
12.38938
8.40708
9.955752
9.734513
8.849558
11.725664
11.061947
10.398231
9.292035
9.513274
10.840708
6.858407
11.504425
7.964602
10.176991
8.185841
10.840708
10.398231
7.964602
8.628319
12.38938
8.40708
9.955752
9.734513
8.849558
11.725664
11.061947
10.398231
9.292035
9.513274
10.840708
6.858407
11.504425
