19008
20928
16320
16896
20736
15552
15936
17280
19584
16320
18240
18240
16512
12864
21888
18048
17088
17664
15744
17472
19008
20928
16320
16896
20736
15552
15936
17280
19584
16320
18240
18240
16512
12864
21888
18048
17088
17664
15744
17472
19008
20928
16320
16896
20736
15552
15936
17280
19584
16320
18240
18240
16512
12864
21888
18048
17088
17664
15744
17472
19008
20928
16320
16896
20736
15552
15936
17280
19584
16320
18240
18240
16512
12864
21888
18048
17088
17664
15744
17472
19008
20928
16320
16896
20736
15552
15936
17280
19584
16320
18240
18240
16512
12864
21888
18048
17088
17664
15744
17472
