51.153
51.143
50.959
51.009
51.047
51.135
50.963
51.039
51.544
50.936
51.307
51.134
51.051
50.987
50.959
51.004
51.039
50.927
51.04
51.031
51.153
51.143
50.959
51.009
51.047
51.135
50.963
51.039
51.544
50.936
51.307
51.134
51.051
50.987
50.959
51.004
51.039
50.927
51.04
51.031
51.153
51.143
50.959
51.009
51.047
51.135
50.963
51.039
51.544
50.936
51.307
51.134
51.051
50.987
50.959
51.004
51.039
50.927
51.04
51.031
51.153
51.143
50.959
51.009
51.047
51.135
50.963
51.039
51.544
50.936
51.307
51.134
51.051
50.987
50.959
51.004
51.039
50.927
51.04
51.031
