49.245
45.365
45.335
45.291
45.803
45.384
45.15
45.165
45.374
45.319
45.368
45.169
45.286
45.367
45.341
45.349
45.799
45.322
45.395
45.418
49.245
45.365
45.335
45.291
45.803
45.384
45.15
45.165
45.374
45.319
45.368
45.169
45.286
45.367
45.341
45.349
45.799
45.322
45.395
45.418
49.245
45.365
45.335
45.291
45.803
45.384
45.15
45.165
45.374
45.319
45.368
45.169
45.286
45.367
45.341
45.349
45.799
45.322
45.395
45.418
49.245
45.365
45.335
45.291
45.803
45.384
45.15
45.165
45.374
45.319
45.368
45.169
45.286
45.367
45.341
45.349
45.799
45.322
45.395
45.418
49.245
45.365
45.335
45.291
45.803
45.384
45.15
45.165
45.374
45.319
45.368
45.169
45.286
45.367
45.341
45.349
45.799
45.322
45.395
45.418
