10.5515585
12.470024
9.592326
11.990408
11.870503
11.990408
11.151079
11.990408
11.630695
11.630695
10.071942
10.071942
12.829736
11.390887
10.071942
11.270984
11.031176
9.832134
10.911271
13.189448
10.5515585
12.470024
9.592326
11.990408
11.870503
11.990408
11.151079
11.990408
11.630695
11.630695
10.071942
10.071942
12.829736
11.390887
10.071942
11.270984
11.031176
9.832134
10.911271
13.189448
10.5515585
12.470024
9.592326
11.990408
11.870503
11.990408
11.151079
11.990408
11.630695
11.630695
10.071942
10.071942
12.829736
11.390887
10.071942
11.270984
11.031176
9.832134
10.911271
13.189448
10.5515585
12.470024
9.592326
11.990408
11.870503
11.990408
11.151079
11.990408
11.630695
11.630695
10.071942
10.071942
12.829736
11.390887
10.071942
11.270984
11.031176
9.832134
10.911271
13.189448
