44.178
44.019
44.281
44.278
44.246
44.21
44.262
44.264
44.913
45.357
44.381
43.74
44.018
43.712
44.285
44.345
44.318
43.796
44.196
44.276
44.178
44.019
44.281
44.278
44.246
44.21
44.262
44.264
44.913
45.357
44.381
43.74
44.018
43.712
44.285
44.345
44.318
43.796
44.196
44.276
44.178
44.019
44.281
44.278
44.246
44.21
44.262
44.264
44.913
45.357
44.381
43.74
44.018
43.712
44.285
44.345
44.318
43.796
44.196
44.276
44.178
44.019
44.281
44.278
44.246
44.21
44.262
44.264
44.913
45.357
44.381
43.74
44.018
43.712
44.285
44.345
44.318
43.796
44.196
44.276
