10.619469
12.831859
9.955752
11.061947
11.504425
11.725664
9.513274
13.274336
11.283186
9.955752
13.938053
13.053098
9.513274
9.955752
11.061947
11.061947
10.619469
10.398231
11.283186
7.964602
10.619469
12.831859
9.955752
11.061947
11.504425
11.725664
9.513274
13.274336
11.283186
9.955752
13.938053
13.053098
9.513274
9.955752
11.061947
11.061947
10.619469
10.398231
11.283186
7.964602
10.619469
12.831859
9.955752
11.061947
11.504425
11.725664
9.513274
13.274336
11.283186
9.955752
13.938053
13.053098
9.513274
9.955752
11.061947
11.061947
10.619469
10.398231
11.283186
7.964602
10.619469
12.831859
9.955752
11.061947
11.504425
11.725664
9.513274
13.274336
11.283186
9.955752
13.938053
13.053098
9.513274
9.955752
11.061947
11.061947
10.619469
10.398231
11.283186
7.964602
