9.955752
11.283186
11.283186
10.176991
13.053098
8.849558
13.716814
9.292035
13.274336
9.734513
10.840708
11.725664
10.619469
10.176991
8.628319
11.725664
13.053098
11.946902
7.964602
9.070796
9.955752
11.283186
11.283186
10.176991
13.053098
8.849558
13.716814
9.292035
13.274336
9.734513
10.840708
11.725664
10.619469
10.176991
8.628319
11.725664
13.053098
11.946902
7.964602
9.070796
9.955752
11.283186
11.283186
10.176991
13.053098
8.849558
13.716814
9.292035
13.274336
9.734513
10.840708
11.725664
10.619469
10.176991
8.628319
11.725664
13.053098
11.946902
7.964602
9.070796
9.955752
11.283186
11.283186
10.176991
13.053098
8.849558
13.716814
9.292035
13.274336
9.734513
10.840708
11.725664
10.619469
10.176991
8.628319
11.725664
13.053098
11.946902
7.964602
9.070796
