6.19469
8.40708
13.495575
7.522124
9.734513
8.40708
9.955752
8.849558
8.849558
9.070796
7.079646
8.40708
10.398231
7.964602
12.831859
11.725664
9.513274
6.637168
11.283186
7.522124
6.19469
8.40708
13.495575
7.522124
9.734513
8.40708
9.955752
8.849558
8.849558
9.070796
7.079646
8.40708
10.398231
7.964602
12.831859
11.725664
9.513274
6.637168
11.283186
7.522124
6.19469
8.40708
13.495575
7.522124
9.734513
8.40708
9.955752
8.849558
8.849558
9.070796
7.079646
8.40708
10.398231
7.964602
12.831859
11.725664
9.513274
6.637168
11.283186
7.522124
6.19469
8.40708
13.495575
7.522124
9.734513
8.40708
9.955752
8.849558
8.849558
9.070796
7.079646
8.40708
10.398231
7.964602
12.831859
11.725664
9.513274
6.637168
11.283186
7.522124
