20.132744
21.017698
25.663717
21.902655
23.23009
21.460176
26.327435
21.681416
25.884956
22.566372
22.345133
25.0
23.672565
21.902655
24.336283
21.238937
21.017698
24.115044
23.672565
25.663717
20.132744
21.017698
25.663717
21.902655
23.23009
21.460176
26.327435
21.681416
25.884956
22.566372
22.345133
25.0
23.672565
21.902655
24.336283
21.238937
21.017698
24.115044
23.672565
25.663717
20.132744
21.017698
25.663717
21.902655
23.23009
21.460176
26.327435
21.681416
25.884956
22.566372
22.345133
25.0
23.672565
21.902655
24.336283
21.238937
21.017698
24.115044
23.672565
25.663717
20.132744
21.017698
25.663717
21.902655
23.23009
21.460176
26.327435
21.681416
25.884956
22.566372
22.345133
25.0
23.672565
21.902655
24.336283
21.238937
21.017698
24.115044
23.672565
25.663717
