11.510792
9.952039
12.1103115
10.911271
10.191847
9.952039
9.952039
10.911271
11.031176
13.788968
11.151079
12.230216
9.952039
11.151079
12.230216
10.071942
11.510792
9.952039
10.31175
9.952039
11.510792
9.952039
12.1103115
10.911271
10.191847
9.952039
9.952039
10.911271
11.031176
13.788968
11.151079
12.230216
9.952039
11.151079
12.230216
10.071942
11.510792
9.952039
10.31175
9.952039
11.510792
9.952039
12.1103115
10.911271
10.191847
9.952039
9.952039
10.911271
11.031176
13.788968
11.151079
12.230216
9.952039
11.151079
12.230216
10.071942
11.510792
9.952039
10.31175
9.952039
11.510792
9.952039
12.1103115
10.911271
10.191847
9.952039
9.952039
10.911271
11.031176
13.788968
11.151079
12.230216
9.952039
11.151079
12.230216
10.071942
11.510792
9.952039
10.31175
9.952039
11.510792
9.952039
12.1103115
10.911271
10.191847
9.952039
9.952039
10.911271
11.031176
13.788968
11.151079
12.230216
9.952039
11.151079
12.230216
10.071942
11.510792
9.952039
10.31175
9.952039
