18.105516
17.985613
17.985613
17.985613
17.985613
17.985613
17.985613
17.985613
17.985613
17.985613
17.985613
18.105516
17.985613
17.985613
17.985613
17.985613
17.985613
17.985613
17.985613
17.985613
18.105516
17.985613
17.985613
17.985613
17.985613
17.985613
17.985613
17.985613
17.985613
17.985613
17.985613
18.105516
17.985613
17.985613
17.985613
17.985613
17.985613
17.985613
17.985613
17.985613
18.105516
17.985613
17.985613
17.985613
17.985613
17.985613
17.985613
17.985613
17.985613
17.985613
17.985613
18.105516
17.985613
17.985613
17.985613
17.985613
17.985613
17.985613
17.985613
17.985613
