26.019186
26.13909
26.019186
26.019186
26.019186
26.019186
26.019186
26.019186
26.019186
26.019186
26.019186
26.13909
26.019186
26.13909
26.019186
26.019186
26.019186
26.258993
26.019186
26.019186
26.13909
26.019186
26.019186
26.019186
26.019186
26.019186
26.019186
26.019186
26.019186
26.019186
26.13909
26.019186
26.13909
26.019186
26.019186
26.019186
26.258993
26.019186
26.019186
26.13909
26.019186
26.019186
26.019186
26.019186
26.019186
26.019186
26.019186
26.019186
26.019186
26.13909
26.019186
26.13909
26.019186
26.019186
26.019186
26.258993
26.019186
26.019186
26.13909
26.019186
26.019186
26.019186
26.019186
26.019186
26.019186
26.019186
26.019186
26.019186
26.13909
26.019186
26.13909
26.019186
26.019186
26.019186
26.258993
26.019186
