48.44
48.395
48.497
48.585
48.54
48.482
48.32
48.533
48.306
48.534
48.397
48.498
48.452
48.347
48.566
48.438
48.448
48.515
48.298
48.397
48.44
48.395
48.497
48.585
48.54
48.482
48.32
48.533
48.306
48.534
48.397
48.498
48.452
48.347
48.566
48.438
48.448
48.515
48.298
48.397
48.44
48.395
48.497
48.585
48.54
48.482
48.32
48.533
48.306
48.534
48.397
48.498
48.452
48.347
48.566
48.438
48.448
48.515
48.298
48.397
48.44
48.395
48.497
48.585
48.54
48.482
48.32
48.533
48.306
48.534
48.397
48.498
48.452
48.347
48.566
48.438
48.448
48.515
48.298
48.397
