48.838
49.889
49.147
49.001
50.454
48.275
47.463
48.528
50.191
47.066
49.503
48.495
48.232
49.333
49.839
50.65
48.161
47.449
47.438
48.838
49.889
49.147
49.001
50.454
48.275
47.463
48.528
50.191
47.066
49.503
48.495
48.232
49.333
49.839
50.65
48.161
47.449
47.438
48.838
49.889
49.147
49.001
50.454
48.275
47.463
48.528
50.191
47.066
49.503
48.495
48.232
49.333
49.839
50.65
48.161
47.449
47.438
48.838
49.889
49.147
49.001
50.454
48.275
47.463
48.528
50.191
47.066
49.503
48.495
48.232
49.333
49.839
50.65
48.161
47.449
47.438
