22.123894
22.123894
19.026548
19.690266
24.115044
18.141592
18.58407
20.132744
22.787611
19.026548
21.238937
21.238937
19.247787
13.938053
25.442478
21.017698
19.911505
20.575222
18.362831
20.353983
22.123894
22.123894
19.026548
19.690266
24.115044
18.141592
18.58407
20.132744
22.787611
19.026548
21.238937
21.238937
19.247787
13.938053
25.442478
21.017698
19.911505
20.575222
18.362831
20.353983
22.123894
22.123894
19.026548
19.690266
24.115044
18.141592
18.58407
20.132744
22.787611
19.026548
21.238937
21.238937
19.247787
13.938053
25.442478
21.017698
19.911505
20.575222
18.362831
20.353983
22.123894
22.123894
19.026548
19.690266
24.115044
18.141592
18.58407
20.132744
22.787611
19.026548
21.238937
21.238937
19.247787
13.938053
25.442478
21.017698
19.911505
20.575222
18.362831
20.353983
