2.2123895
2.6548672
2.4336283
2.2123895
1.9911505
1.7699115
1.7699115
2.4336283
2.8761063
1.9911505
1.7699115
1.5486726
1.3274336
1.5486726
1.9911505
2.8761063
3.318584
3.097345
1.5486726
2.2123895
2.2123895
2.6548672
2.4336283
2.2123895
1.9911505
1.7699115
1.7699115
2.4336283
2.8761063
1.9911505
1.7699115
1.5486726
1.3274336
1.5486726
1.9911505
2.8761063
3.318584
3.097345
1.5486726
2.2123895
2.2123895
2.6548672
2.4336283
2.2123895
1.9911505
1.7699115
1.7699115
2.4336283
2.8761063
1.9911505
1.7699115
1.5486726
1.3274336
1.5486726
1.9911505
2.8761063
3.318584
3.097345
1.5486726
2.2123895
2.2123895
2.6548672
2.4336283
2.2123895
1.9911505
1.7699115
1.7699115
2.4336283
2.8761063
1.9911505
1.7699115
1.5486726
1.3274336
1.5486726
1.9911505
2.8761063
3.318584
3.097345
1.5486726
2.2123895
