49.004
49.293
49.184
48.842
48.789
48.764
48.794
48.852
49.121
49.205
49.179
49.146
49.048
49.329
48.887
49.035
49.131
48.853
48.845
48.815
49.004
49.293
49.184
48.842
48.789
48.764
48.794
48.852
49.121
49.205
49.179
49.146
49.048
49.329
48.887
49.035
49.131
48.853
48.845
48.815
49.004
49.293
49.184
48.842
48.789
48.764
48.794
48.852
49.121
49.205
49.179
49.146
49.048
49.329
48.887
49.035
49.131
48.853
48.845
48.815
49.004
49.293
49.184
48.842
48.789
48.764
48.794
48.852
49.121
49.205
49.179
49.146
49.048
49.329
48.887
49.035
49.131
48.853
48.845
48.815
