49.845
49.535
49.477
49.88
49.463
49.797
49.953
49.657
49.675
49.739
49.286
49.341
49.794
49.819
49.496
49.764
49.63
49.527
49.555
49.845
49.845
49.535
49.477
49.88
49.463
49.797
49.953
49.657
49.675
49.739
49.286
49.341
49.794
49.819
49.496
49.764
49.63
49.527
49.555
49.845
49.845
49.535
49.477
49.88
49.463
49.797
49.953
49.657
49.675
49.739
49.286
49.341
49.794
49.819
49.496
49.764
49.63
49.527
49.555
49.845
49.845
49.535
49.477
49.88
49.463
49.797
49.953
49.657
49.675
49.739
49.286
49.341
49.794
49.819
49.496
49.764
49.63
49.527
49.555
49.845
