43.962
43.058
42.877
42.205
42.467
42.749
42.608
42.37
42.48
42.43
42.646
42.808
42.356
42.842
42.524
42.648
42.567
42.583
42.622
42.859
43.962
43.058
42.877
42.205
42.467
42.749
42.608
42.37
42.48
42.43
42.646
42.808
42.356
42.842
42.524
42.648
42.567
42.583
42.622
42.859
43.962
43.058
42.877
42.205
42.467
42.749
42.608
42.37
42.48
42.43
42.646
42.808
42.356
42.842
42.524
42.648
42.567
42.583
42.622
42.859
43.962
43.058
42.877
42.205
42.467
42.749
42.608
42.37
42.48
42.43
42.646
42.808
42.356
42.842
42.524
42.648
42.567
42.583
42.622
42.859
