3264
3264
3264
3264
3264
3264
3264
3264
3264
3456
3264
3264
3264
3264
3264
3264
3264
3264
3264
3264
3264
3264
3264
3264
3264
3264
3264
3264
3264
3456
3264
3264
3264
3264
3264
3264
3264
3264
3264
3264
3264
3264
3264
3264
3264
3264
3264
3264
3264
3456
3264
3264
3264
3264
3264
3264
3264
3264
3264
3264
3264
3264
3264
3264
3264
3264
3264
3264
3264
3456
3264
3264
3264
3264
3264
3264
3264
3264
3264
3264
3264
3264
3264
3264
3264
3264
3264
3264
3264
3456
3264
3264
3264
3264
3264
3264
3264
3264
3264
3264
