10.176991
10.619469
9.070796
11.504425
8.849558
7.743363
11.725664
11.504425
10.619469
8.40708
11.283186
12.61062
10.176991
11.725664
12.38938
10.840708
12.38938
10.176991
9.955752
10.176991
10.176991
10.619469
9.070796
11.504425
8.849558
7.743363
11.725664
11.504425
10.619469
8.40708
11.283186
12.61062
10.176991
11.725664
12.38938
10.840708
12.38938
10.176991
9.955752
10.176991
10.176991
10.619469
9.070796
11.504425
8.849558
7.743363
11.725664
11.504425
10.619469
8.40708
11.283186
12.61062
10.176991
11.725664
12.38938
10.840708
12.38938
10.176991
9.955752
10.176991
