50.003
49.128
47.685
47.973
48.114
48.461
48.644
48.349
48.373
47.769
50.306
48.314
48.017
48.875
47.653
47.639
48.27
48.095
48.007
50.003
49.128
47.685
47.973
48.114
48.461
48.644
48.349
48.373
47.769
50.306
48.314
48.017
48.875
47.653
47.639
48.27
48.095
48.007
50.003
49.128
47.685
47.973
48.114
48.461
48.644
48.349
48.373
47.769
50.306
48.314
48.017
48.875
47.653
47.639
48.27
48.095
48.007
50.003
49.128
47.685
47.973
48.114
48.461
48.644
48.349
48.373
47.769
50.306
48.314
48.017
48.875
47.653
47.639
48.27
48.095
48.007
