23.980816
23.980816
23.980816
23.980816
23.980816
23.980816
23.980816
23.980816
23.980816
23.980816
23.980816
23.980816
23.980816
23.980816
23.980816
23.980816
23.980816
23.980816
23.980816
23.980816
23.980816
23.980816
23.980816
23.980816
23.980816
23.980816
23.980816
23.980816
23.980816
23.980816
23.980816
23.980816
23.980816
23.980816
23.980816
23.980816
23.980816
23.980816
23.980816
23.980816
23.980816
23.980816
23.980816
23.980816
23.980816
23.980816
23.980816
23.980816
23.980816
23.980816
23.980816
23.980816
23.980816
23.980816
23.980816
23.980816
23.980816
23.980816
23.980816
23.980816
