3.761062
3.318584
2.8761063
1.7699115
1.1061947
2.6548672
1.7699115
1.3274336
1.7699115
0.88495576
1.9911505
2.4336283
2.4336283
2.6548672
1.1061947
2.4336283
1.3274336
1.3274336
2.4336283
2.6548672
3.761062
3.318584
2.8761063
1.7699115
1.1061947
2.6548672
1.7699115
1.3274336
1.7699115
0.88495576
1.9911505
2.4336283
2.4336283
2.6548672
1.1061947
2.4336283
1.3274336
1.3274336
2.4336283
2.6548672
3.761062
3.318584
2.8761063
1.7699115
1.1061947
2.6548672
1.7699115
1.3274336
1.7699115
0.88495576
1.9911505
2.4336283
2.4336283
2.6548672
1.1061947
2.4336283
1.3274336
1.3274336
2.4336283
2.6548672
3.761062
3.318584
2.8761063
1.7699115
1.1061947
2.6548672
1.7699115
1.3274336
1.7699115
0.88495576
1.9911505
2.4336283
2.4336283
2.6548672
1.1061947
2.4336283
1.3274336
1.3274336
2.4336283
2.6548672
