50.575
50.228
50.582
50.277
50.307
50.584
50.211
50.22
50.254
50.35
50.187
50.66
50.269
50.245
50.279
50.164
50.168
50.254
50.304
50.299
50.575
50.228
50.582
50.277
50.307
50.584
50.211
50.22
50.254
50.35
50.187
50.66
50.269
50.245
50.279
50.164
50.168
50.254
50.304
50.299
50.575
50.228
50.582
50.277
50.307
50.584
50.211
50.22
50.254
50.35
50.187
50.66
50.269
50.245
50.279
50.164
50.168
50.254
50.304
50.299
50.575
50.228
50.582
50.277
50.307
50.584
50.211
50.22
50.254
50.35
50.187
50.66
50.269
50.245
50.279
50.164
50.168
50.254
50.304
50.299
