41.913
42.077
41.928
42.214
42.118
41.907
42.252
42.099
41.987
41.866
42.173
42.105
42.021
42.134
41.897
42.235
42.198
42.179
42.18
42.111
41.913
42.077
41.928
42.214
42.118
41.907
42.252
42.099
41.987
41.866
42.173
42.105
42.021
42.134
41.897
42.235
42.198
42.179
42.18
42.111
41.913
42.077
41.928
42.214
42.118
41.907
42.252
42.099
41.987
41.866
42.173
42.105
42.021
42.134
41.897
42.235
42.198
42.179
42.18
42.111
41.913
42.077
41.928
42.214
42.118
41.907
42.252
42.099
41.987
41.866
42.173
42.105
42.021
42.134
41.897
42.235
42.198
42.179
42.18
42.111
41.913
42.077
41.928
42.214
42.118
41.907
42.252
42.099
41.987
41.866
42.173
42.105
42.021
42.134
41.897
42.235
42.198
42.179
42.18
42.111
