34.292034
36.061947
38.274338
39.15929
31.19469
32.964603
32.743362
37.38938
34.513275
38.716816
34.734512
33.62832
36.283184
36.061947
34.070797
31.858408
28.761063
35.61947
32.743362
32.964603
34.292034
36.061947
38.274338
39.15929
31.19469
32.964603
32.743362
37.38938
34.513275
38.716816
34.734512
33.62832
36.283184
36.061947
34.070797
31.858408
28.761063
35.61947
32.743362
32.964603
34.292034
36.061947
38.274338
39.15929
31.19469
32.964603
32.743362
37.38938
34.513275
38.716816
34.734512
33.62832
36.283184
36.061947
34.070797
31.858408
28.761063
35.61947
32.743362
32.964603
34.292034
36.061947
38.274338
39.15929
31.19469
32.964603
32.743362
37.38938
34.513275
38.716816
34.734512
33.62832
36.283184
36.061947
34.070797
31.858408
28.761063
35.61947
32.743362
32.964603
