48.158
48.58
48.17
48.548
47.845
48.009
48.531
47.937
49.136
49.168
49.185
49.474
48.572
50.501
47.973
49.421
49.081
48.61
47.928
48.158
48.58
48.17
48.548
47.845
48.009
48.531
47.937
49.136
49.168
49.185
49.474
48.572
50.501
47.973
49.421
49.081
48.61
47.928
48.158
48.58
48.17
48.548
47.845
48.009
48.531
47.937
49.136
49.168
49.185
49.474
48.572
50.501
47.973
49.421
49.081
48.61
47.928
48.158
48.58
48.17
48.548
47.845
48.009
48.531
47.937
49.136
49.168
49.185
49.474
48.572
50.501
47.973
49.421
49.081
48.61
47.928
