16896
19968
15360
19200
19008
19200
17856
19200
18624
18624
16128
16128
20544
18240
16128
18048
17664
15744
17472
21120
16896
19968
15360
19200
19008
19200
17856
19200
18624
18624
16128
16128
20544
18240
16128
18048
17664
15744
17472
21120
16896
19968
15360
19200
19008
19200
17856
19200
18624
18624
16128
16128
20544
18240
16128
18048
17664
15744
17472
21120
16896
19968
15360
19200
19008
19200
17856
19200
18624
18624
16128
16128
20544
18240
16128
18048
17664
15744
17472
21120
16896
19968
15360
19200
19008
19200
17856
19200
18624
18624
16128
16128
20544
18240
16128
18048
17664
15744
17472
21120
