51.015
51.14
50.805
50.949
50.789
50.879
51.136
50.49
50.795
50.979
51.922
50.916
50.815
51.103
50.751
50.899
51.122
50.768
50.796
51.165
51.015
51.14
50.805
50.949
50.789
50.879
51.136
50.49
50.795
50.979
51.922
50.916
50.815
51.103
50.751
50.899
51.122
50.768
50.796
51.165
51.015
51.14
50.805
50.949
50.789
50.879
51.136
50.49
50.795
50.979
51.922
50.916
50.815
51.103
50.751
50.899
51.122
50.768
50.796
51.165
51.015
51.14
50.805
50.949
50.789
50.879
51.136
50.49
50.795
50.979
51.922
50.916
50.815
51.103
50.751
50.899
51.122
50.768
50.796
51.165
