21.460176
17.035398
22.566372
20.353983
19.026548
17.920355
16.59292
20.353983
20.575222
25.663717
20.796461
22.787611
16.81416
20.796461
22.787611
18.58407
21.460176
16.81416
19.247787
18.362831
21.460176
17.035398
22.566372
20.353983
19.026548
17.920355
16.59292
20.353983
20.575222
25.663717
20.796461
22.787611
16.81416
20.796461
22.787611
18.58407
21.460176
16.81416
19.247787
18.362831
21.460176
17.035398
22.566372
20.353983
19.026548
17.920355
16.59292
20.353983
20.575222
25.663717
20.796461
22.787611
16.81416
20.796461
22.787611
18.58407
21.460176
16.81416
19.247787
18.362831
21.460176
17.035398
22.566372
20.353983
19.026548
17.920355
16.59292
20.353983
20.575222
25.663717
20.796461
22.787611
16.81416
20.796461
22.787611
18.58407
21.460176
16.81416
19.247787
18.362831
