49.936
49.464
49.591
49.822
49.511
49.788
49.909
49.782
49.862
49.535
49.855
49.408
49.936
49.534
49.59
49.608
49.411
49.892
49.663
49.764
49.936
49.464
49.591
49.822
49.511
49.788
49.909
49.782
49.862
49.535
49.855
49.408
49.936
49.534
49.59
49.608
49.411
49.892
49.663
49.764
49.936
49.464
49.591
49.822
49.511
49.788
49.909
49.782
49.862
49.535
49.855
49.408
49.936
49.534
49.59
49.608
49.411
49.892
49.663
49.764
49.936
49.464
49.591
49.822
49.511
49.788
49.909
49.782
49.862
49.535
49.855
49.408
49.936
49.534
49.59
49.608
49.411
49.892
49.663
49.764
