1.9911505
0.88495576
2.8761063
2.2123895
2.4336283
0.88495576
2.2123895
1.3274336
2.6548672
2.6548672
1.3274336
2.2123895
2.8761063
1.5486726
3.318584
2.2123895
1.9911505
1.9911505
2.2123895
1.3274336
1.9911505
0.88495576
2.8761063
2.2123895
2.4336283
0.88495576
2.2123895
1.3274336
2.6548672
2.6548672
1.3274336
2.2123895
2.8761063
1.5486726
3.318584
2.2123895
1.9911505
1.9911505
2.2123895
1.3274336
1.9911505
0.88495576
2.8761063
2.2123895
2.4336283
0.88495576
2.2123895
1.3274336
2.6548672
2.6548672
1.3274336
2.2123895
2.8761063
1.5486726
3.318584
2.2123895
1.9911505
1.9911505
2.2123895
1.3274336
1.9911505
0.88495576
2.8761063
2.2123895
2.4336283
0.88495576
2.2123895
1.3274336
2.6548672
2.6548672
1.3274336
2.2123895
2.8761063
1.5486726
3.318584
2.2123895
1.9911505
1.9911505
2.2123895
1.3274336
1.9911505
0.88495576
2.8761063
2.2123895
2.4336283
0.88495576
2.2123895
1.3274336
2.6548672
2.6548672
1.3274336
2.2123895
2.8761063
1.5486726
3.318584
2.2123895
1.9911505
1.9911505
2.2123895
1.3274336
