8.992806
12.589929
10.791367
13.069545
11.270984
10.5515585
12.829736
10.671463
10.31175
13.309352
12.829736
9.712231
11.990408
13.309352
11.151079
10.791367
12.949639
12.230216
12.1103115
10.671463
8.992806
12.589929
10.791367
13.069545
11.270984
10.5515585
12.829736
10.671463
10.31175
13.309352
12.829736
9.712231
11.990408
13.309352
11.151079
10.791367
12.949639
12.230216
12.1103115
10.671463
8.992806
12.589929
10.791367
13.069545
11.270984
10.5515585
12.829736
10.671463
10.31175
13.309352
12.829736
9.712231
11.990408
13.309352
11.151079
10.791367
12.949639
12.230216
12.1103115
10.671463
8.992806
12.589929
10.791367
13.069545
11.270984
10.5515585
12.829736
10.671463
10.31175
13.309352
12.829736
9.712231
11.990408
13.309352
11.151079
10.791367
12.949639
12.230216
12.1103115
10.671463
