20.023981
20.023981
20.023981
20.023981
20.023981
20.023981
20.023981
20.023981
20.023981
20.023981
20.023981
20.023981
20.023981
20.023981
20.023981
20.023981
20.023981
20.023981
20.023981
20.023981
20.023981
20.023981
20.023981
20.023981
20.023981
20.023981
20.023981
20.023981
20.023981
20.023981
20.023981
20.023981
20.023981
20.023981
20.023981
20.023981
20.023981
20.023981
20.023981
20.023981
20.023981
20.023981
20.023981
20.023981
20.023981
20.023981
20.023981
20.023981
20.023981
20.023981
20.023981
20.023981
20.023981
20.023981
20.023981
20.023981
20.023981
20.023981
20.023981
20.023981
20.023981
20.023981
20.023981
20.023981
20.023981
20.023981
20.023981
20.023981
20.023981
20.023981
20.023981
20.023981
20.023981
20.023981
20.023981
20.023981
20.023981
20.023981
20.023981
20.023981
