17.026379
19.184652
17.6259
18.82494
17.745804
14.268584
16.426859
20.503597
16.786572
17.865707
17.386091
17.505997
17.745804
19.424461
17.386091
16.187052
18.705036
15.947242
17.985613
17.026379
19.184652
17.6259
18.82494
17.745804
14.268584
16.426859
20.503597
16.786572
17.865707
17.386091
17.505997
17.745804
19.424461
17.386091
16.187052
18.705036
15.947242
17.985613
17.026379
19.184652
17.6259
18.82494
17.745804
14.268584
16.426859
20.503597
16.786572
17.865707
17.386091
17.505997
17.745804
19.424461
17.386091
16.187052
18.705036
15.947242
17.985613
17.026379
19.184652
17.6259
18.82494
17.745804
14.268584
16.426859
20.503597
16.786572
17.865707
17.386091
17.505997
17.745804
19.424461
17.386091
16.187052
18.705036
15.947242
17.985613
