9.070796
11.061947
11.504425
10.619469
13.053098
9.513274
11.946902
9.734513
11.504425
11.504425
9.734513
9.734513
13.495575
13.053098
8.849558
11.725664
12.38938
11.725664
10.176991
8.185841
9.070796
11.061947
11.504425
10.619469
13.053098
9.513274
11.946902
9.734513
11.504425
11.504425
9.734513
9.734513
13.495575
13.053098
8.849558
11.725664
12.38938
11.725664
10.176991
8.185841
9.070796
11.061947
11.504425
10.619469
13.053098
9.513274
11.946902
9.734513
11.504425
11.504425
9.734513
9.734513
13.495575
13.053098
8.849558
11.725664
12.38938
11.725664
10.176991
8.185841
9.070796
11.061947
11.504425
10.619469
13.053098
9.513274
11.946902
9.734513
11.504425
11.504425
9.734513
9.734513
13.495575
13.053098
8.849558
11.725664
12.38938
11.725664
10.176991
8.185841
