46.23
46.074
46.083
46.264
46.193
46.084
46.068
46.077
46.242
46.205
45.943
46.191
46.199
45.912
46.193
46.231
46.242
46.21
46.215
46.261
46.23
46.074
46.083
46.264
46.193
46.084
46.068
46.077
46.242
46.205
45.943
46.191
46.199
45.912
46.193
46.231
46.242
46.21
46.215
46.261
46.23
46.074
46.083
46.264
46.193
46.084
46.068
46.077
46.242
46.205
45.943
46.191
46.199
45.912
46.193
46.231
46.242
46.21
46.215
46.261
46.23
46.074
46.083
46.264
46.193
46.084
46.068
46.077
46.242
46.205
45.943
46.191
46.199
45.912
46.193
46.231
46.242
46.21
46.215
46.261
46.23
46.074
46.083
46.264
46.193
46.084
46.068
46.077
46.242
46.205
45.943
46.191
46.199
45.912
46.193
46.231
46.242
46.21
46.215
46.261
