48.5
47.222
48.463
48.582
47.661
47.649
48.849
49.751
50.088
48.577
49.196
50.881
50.954
47.908
49.175
49.547
50.547
48.951
49.775
48.5
47.222
48.463
48.582
47.661
47.649
48.849
49.751
50.088
48.577
49.196
50.881
50.954
47.908
49.175
49.547
50.547
48.951
49.775
48.5
47.222
48.463
48.582
47.661
47.649
48.849
49.751
50.088
48.577
49.196
50.881
50.954
47.908
49.175
49.547
50.547
48.951
49.775
48.5
47.222
48.463
48.582
47.661
47.649
48.849
49.751
50.088
48.577
49.196
50.881
50.954
47.908
49.175
49.547
50.547
48.951
49.775
