1.9911505
0.6637168
3.097345
2.6548672
1.5486726
1.9911505
2.8761063
1.9911505
1.5486726
2.8761063
2.2123895
1.1061947
2.2123895
1.9911505
1.9911505
2.6548672
2.4336283
3.097345
2.4336283
1.7699115
1.9911505
0.6637168
3.097345
2.6548672
1.5486726
1.9911505
2.8761063
1.9911505
1.5486726
2.8761063
2.2123895
1.1061947
2.2123895
1.9911505
1.9911505
2.6548672
2.4336283
3.097345
2.4336283
1.7699115
1.9911505
0.6637168
3.097345
2.6548672
1.5486726
1.9911505
2.8761063
1.9911505
1.5486726
2.8761063
2.2123895
1.1061947
2.2123895
1.9911505
1.9911505
2.6548672
2.4336283
3.097345
2.4336283
1.7699115
1.9911505
0.6637168
3.097345
2.6548672
1.5486726
1.9911505
2.8761063
1.9911505
1.5486726
2.8761063
2.2123895
1.1061947
2.2123895
1.9911505
1.9911505
2.6548672
2.4336283
3.097345
2.4336283
1.7699115
