17.745804
15.347722
15.347722
19.184652
13.788968
16.187052
19.184652
19.664268
20.503597
18.585133
19.064749
17.146284
16.546762
17.6259
17.386091
18.585133
18.705036
20.26379
16.666668
17.745804
15.347722
15.347722
19.184652
13.788968
16.187052
19.184652
19.664268
20.503597
18.585133
19.064749
17.146284
16.546762
17.6259
17.386091
18.585133
18.705036
20.26379
16.666668
17.745804
15.347722
15.347722
19.184652
13.788968
16.187052
19.184652
19.664268
20.503597
18.585133
19.064749
17.146284
16.546762
17.6259
17.386091
18.585133
18.705036
20.26379
16.666668
