43.237
43.273
43.273
43.391
43.13
42.954
43.243
42.99
43.255
43.119
43.192
43.08
43.309
43.275
43.415
43.281
43.38
43.716
43.12
43.213
43.237
43.273
43.273
43.391
43.13
42.954
43.243
42.99
43.255
43.119
43.192
43.08
43.309
43.275
43.415
43.281
43.38
43.716
43.12
43.213
43.237
43.273
43.273
43.391
43.13
42.954
43.243
42.99
43.255
43.119
43.192
43.08
43.309
43.275
43.415
43.281
43.38
43.716
43.12
43.213
43.237
43.273
43.273
43.391
43.13
42.954
43.243
42.99
43.255
43.119
43.192
43.08
43.309
43.275
43.415
43.281
43.38
43.716
43.12
43.213
