23.451328
23.451328
19.690266
23.00885
20.132744
24.77876
21.681416
23.23009
19.690266
22.787611
27.212389
21.902655
25.22124
22.787611
21.460176
17.920355
26.548672
24.115044
25.22124
22.345133
23.451328
23.451328
19.690266
23.00885
20.132744
24.77876
21.681416
23.23009
19.690266
22.787611
27.212389
21.902655
25.22124
22.787611
21.460176
17.920355
26.548672
24.115044
25.22124
22.345133
23.451328
23.451328
19.690266
23.00885
20.132744
24.77876
21.681416
23.23009
19.690266
22.787611
27.212389
21.902655
25.22124
22.787611
21.460176
17.920355
26.548672
24.115044
25.22124
22.345133
23.451328
23.451328
19.690266
23.00885
20.132744
24.77876
21.681416
23.23009
19.690266
22.787611
27.212389
21.902655
25.22124
22.787611
21.460176
17.920355
26.548672
24.115044
25.22124
22.345133
