50.052
51.338
50.08
50.646
50.483
50.59
50.184
50.369
50.51
50.628
50.621
51.315
50.209
51.461
50.818
50.065
50.282
52.603
50.293
50.052
51.338
50.08
50.646
50.483
50.59
50.184
50.369
50.51
50.628
50.621
51.315
50.209
51.461
50.818
50.065
50.282
52.603
50.293
50.052
51.338
50.08
50.646
50.483
50.59
50.184
50.369
50.51
50.628
50.621
51.315
50.209
51.461
50.818
50.065
50.282
52.603
50.293
50.052
51.338
50.08
50.646
50.483
50.59
50.184
50.369
50.51
50.628
50.621
51.315
50.209
51.461
50.818
50.065
50.282
52.603
50.293
