2.2123895
1.3274336
1.5486726
2.2123895
2.8761063
2.4336283
0.88495576
1.3274336
2.4336283
2.2123895
1.5486726
1.3274336
0.44247788
1.1061947
1.1061947
1.5486726
1.5486726
1.3274336
2.8761063
2.4336283
2.2123895
1.3274336
1.5486726
2.2123895
2.8761063
2.4336283
0.88495576
1.3274336
2.4336283
2.2123895
1.5486726
1.3274336
0.44247788
1.1061947
1.1061947
1.5486726
1.5486726
1.3274336
2.8761063
2.4336283
2.2123895
1.3274336
1.5486726
2.2123895
2.8761063
2.4336283
0.88495576
1.3274336
2.4336283
2.2123895
1.5486726
1.3274336
0.44247788
1.1061947
1.1061947
1.5486726
1.5486726
1.3274336
2.8761063
2.4336283
2.2123895
1.3274336
1.5486726
2.2123895
2.8761063
2.4336283
0.88495576
1.3274336
2.4336283
2.2123895
1.5486726
1.3274336
0.44247788
1.1061947
1.1061947
1.5486726
1.5486726
1.3274336
2.8761063
2.4336283
