35520
35136
35136
35136
35136
35136
35136
35136
35136
35136
35136
35520
35136
35136
35136
35136
35136
35136
35328
35136
35520
35136
35136
35136
35136
35136
35136
35136
35136
35136
35136
35520
35136
35136
35136
35136
35136
35136
35328
35136
35520
35136
35136
35136
35136
35136
35136
35136
35136
35136
35136
35520
35136
35136
35136
35136
35136
35136
35328
35136
35520
35136
35136
35136
35136
35136
35136
35136
35136
35136
35136
35520
35136
35136
35136
35136
35136
35136
35328
35136
35520
35136
35136
35136
35136
35136
35136
35136
35136
35136
35136
35520
35136
35136
35136
35136
35136
35136
35328
35136
