48.787
47.656
47.512
47.644
47.715
47.64
47.591
47.651
47.547
47.684
47.255
47.741
47.678
47.564
47.475
47.765
47.731
47.632
47.697
47.626
48.787
47.656
47.512
47.644
47.715
47.64
47.591
47.651
47.547
47.684
47.255
47.741
47.678
47.564
47.475
47.765
47.731
47.632
47.697
47.626
48.787
47.656
47.512
47.644
47.715
47.64
47.591
47.651
47.547
47.684
47.255
47.741
47.678
47.564
47.475
47.765
47.731
47.632
47.697
47.626
48.787
47.656
47.512
47.644
47.715
47.64
47.591
47.651
47.547
47.684
47.255
47.741
47.678
47.564
47.475
47.765
47.731
47.632
47.697
47.626
48.787
47.656
47.512
47.644
47.715
47.64
47.591
47.651
47.547
47.684
47.255
47.741
47.678
47.564
47.475
47.765
47.731
47.632
47.697
47.626
