23.23009
17.477877
20.575222
19.026548
24.77876
24.336283
19.911505
19.690266
25.22124
22.345133
24.557522
22.345133
20.796461
22.345133
21.902655
25.663717
20.796461
25.442478
19.469027
25.663717
23.23009
17.477877
20.575222
19.026548
24.77876
24.336283
19.911505
19.690266
25.22124
22.345133
24.557522
22.345133
20.796461
22.345133
21.902655
25.663717
20.796461
25.442478
19.469027
25.663717
23.23009
17.477877
20.575222
19.026548
24.77876
24.336283
19.911505
19.690266
25.22124
22.345133
24.557522
22.345133
20.796461
22.345133
21.902655
25.663717
20.796461
25.442478
19.469027
25.663717
23.23009
17.477877
20.575222
19.026548
24.77876
24.336283
19.911505
19.690266
25.22124
22.345133
24.557522
22.345133
20.796461
22.345133
21.902655
25.663717
20.796461
25.442478
19.469027
25.663717
