46.883
47.137
47.242
47.236
46.842
46.851
46.782
46.935
46.98
46.982
46.74
47.412
47.955
46.923
46.883
47.123
46.71
47.2
46.931
46.771
46.883
47.137
47.242
47.236
46.842
46.851
46.782
46.935
46.98
46.982
46.74
47.412
47.955
46.923
46.883
47.123
46.71
47.2
46.931
46.771
46.883
47.137
47.242
47.236
46.842
46.851
46.782
46.935
46.98
46.982
46.74
47.412
47.955
46.923
46.883
47.123
46.71
47.2
46.931
46.771
46.883
47.137
47.242
47.236
46.842
46.851
46.782
46.935
46.98
46.982
46.74
47.412
47.955
46.923
46.883
47.123
46.71
47.2
46.931
46.771
46.883
47.137
47.242
47.236
46.842
46.851
46.782
46.935
46.98
46.982
46.74
47.412
47.955
46.923
46.883
47.123
46.71
47.2
46.931
46.771
