16128
15936
15936
15936
15936
15936
15936
15936
15936
15936
15936
15936
15936
15936
15936
15936
15936
15936
15936
15936
16128
15936
15936
15936
15936
15936
15936
15936
15936
15936
15936
15936
15936
15936
15936
15936
15936
15936
15936
15936
16128
15936
15936
15936
15936
15936
15936
15936
15936
15936
15936
15936
15936
15936
15936
15936
15936
15936
15936
15936
16128
15936
15936
15936
15936
15936
15936
15936
15936
15936
15936
15936
15936
15936
15936
15936
15936
15936
15936
15936
16128
15936
15936
15936
15936
15936
15936
15936
15936
15936
15936
15936
15936
15936
15936
15936
15936
15936
15936
15936
