35.17699
34.955753
31.19469
32.300884
37.38938
37.16814
34.513275
36.061947
33.849556
29.424778
33.62832
30.088495
34.292034
33.407078
33.407078
31.637169
30.752213
32.300884
31.19469
34.955753
35.17699
34.955753
31.19469
32.300884
37.38938
37.16814
34.513275
36.061947
33.849556
29.424778
33.62832
30.088495
34.292034
33.407078
33.407078
31.637169
30.752213
32.300884
31.19469
34.955753
35.17699
34.955753
31.19469
32.300884
37.38938
37.16814
34.513275
36.061947
33.849556
29.424778
33.62832
30.088495
34.292034
33.407078
33.407078
31.637169
30.752213
32.300884
31.19469
34.955753
35.17699
34.955753
31.19469
32.300884
37.38938
37.16814
34.513275
36.061947
33.849556
29.424778
33.62832
30.088495
34.292034
33.407078
33.407078
31.637169
30.752213
32.300884
31.19469
34.955753
