47.688
47.726
47.671
47.743
47.704
47.761
47.72
47.535
47.484
47.763
47.731
47.671
47.768
47.554
47.697
47.72
47.753
47.704
47.45
47.737
47.688
47.726
47.671
47.743
47.704
47.761
47.72
47.535
47.484
47.763
47.731
47.671
47.768
47.554
47.697
47.72
47.753
47.704
47.45
47.737
47.688
47.726
47.671
47.743
47.704
47.761
47.72
47.535
47.484
47.763
47.731
47.671
47.768
47.554
47.697
47.72
47.753
47.704
47.45
47.737
47.688
47.726
47.671
47.743
47.704
47.761
47.72
47.535
47.484
47.763
47.731
47.671
47.768
47.554
47.697
47.72
47.753
47.704
47.45
47.737
47.688
47.726
47.671
47.743
47.704
47.761
47.72
47.535
47.484
47.763
47.731
47.671
47.768
47.554
47.697
47.72
47.753
47.704
47.45
47.737
