11.061947
10.840708
13.495575
12.168141
11.725664
12.168141
11.946902
12.38938
10.176991
13.053098
13.495575
15.044248
12.168141
14.380531
10.840708
10.398231
11.725664
11.283186
13.495575
9.734513
11.061947
10.840708
13.495575
12.168141
11.725664
12.168141
11.946902
12.38938
10.176991
13.053098
13.495575
15.044248
12.168141
14.380531
10.840708
10.398231
11.725664
11.283186
13.495575
9.734513
11.061947
10.840708
13.495575
12.168141
11.725664
12.168141
11.946902
12.38938
10.176991
13.053098
13.495575
15.044248
12.168141
14.380531
10.840708
10.398231
11.725664
11.283186
13.495575
9.734513
