40.265488
31.637169
35.84071
31.41593
28.097345
31.858408
35.84071
33.407078
37.38938
29.867256
36.283184
37.83186
32.743362
34.070797
38.495575
36.061947
36.504425
33.62832
31.41593
34.070797
40.265488
31.637169
35.84071
31.41593
28.097345
31.858408
35.84071
33.407078
37.38938
29.867256
36.283184
37.83186
32.743362
34.070797
38.495575
36.061947
36.504425
33.62832
31.41593
34.070797
40.265488
31.637169
35.84071
31.41593
28.097345
31.858408
35.84071
33.407078
37.38938
29.867256
36.283184
37.83186
32.743362
34.070797
38.495575
36.061947
36.504425
33.62832
31.41593
34.070797
40.265488
31.637169
35.84071
31.41593
28.097345
31.858408
35.84071
33.407078
37.38938
29.867256
36.283184
37.83186
32.743362
34.070797
38.495575
36.061947
36.504425
33.62832
31.41593
34.070797
