46.092
43.755
43.858
44.025
43.72
44.045
43.779
44.006
44.253
43.855
43.817
43.775
43.86
44.015
47.842
43.723
44.077
44.07
43.807
44.067
46.092
43.755
43.858
44.025
43.72
44.045
43.779
44.006
44.253
43.855
43.817
43.775
43.86
44.015
47.842
43.723
44.077
44.07
43.807
44.067
46.092
43.755
43.858
44.025
43.72
44.045
43.779
44.006
44.253
43.855
43.817
43.775
43.86
44.015
47.842
43.723
44.077
44.07
43.807
44.067
46.092
43.755
43.858
44.025
43.72
44.045
43.779
44.006
44.253
43.855
43.817
43.775
43.86
44.015
47.842
43.723
44.077
44.07
43.807
44.067
