1.7699115
2.2123895
1.3274336
1.5486726
1.1061947
1.7699115
1.1061947
1.3274336
2.2123895
1.1061947
2.4336283
1.7699115
1.3274336
1.9911505
1.5486726
2.8761063
1.9911505
1.5486726
2.2123895
1.1061947
1.7699115
2.2123895
1.3274336
1.5486726
1.1061947
1.7699115
1.1061947
1.3274336
2.2123895
1.1061947
2.4336283
1.7699115
1.3274336
1.9911505
1.5486726
2.8761063
1.9911505
1.5486726
2.2123895
1.1061947
1.7699115
2.2123895
1.3274336
1.5486726
1.1061947
1.7699115
1.1061947
1.3274336
2.2123895
1.1061947
2.4336283
1.7699115
1.3274336
1.9911505
1.5486726
2.8761063
1.9911505
1.5486726
2.2123895
1.1061947
1.7699115
2.2123895
1.3274336
1.5486726
1.1061947
1.7699115
1.1061947
1.3274336
2.2123895
1.1061947
2.4336283
1.7699115
1.3274336
1.9911505
1.5486726
2.8761063
1.9911505
1.5486726
2.2123895
1.1061947
