38400
38400
38400
38592
38400
38400
38400
38784
38400
38400
38592
38400
38400
38400
38592
38400
38400
38400
38400
38400
38400
38400
38400
38592
38400
38400
38400
38784
38400
38400
38592
38400
38400
38400
38592
38400
38400
38400
38400
38400
38400
38400
38400
38592
38400
38400
38400
38784
38400
38400
38592
38400
38400
38400
38592
38400
38400
38400
38400
38400
38400
38400
38400
38592
38400
38400
38400
38784
38400
38400
38592
38400
38400
38400
38592
38400
38400
38400
38400
38400
38400
38400
38400
38592
38400
38400
38400
38784
38400
38400
38592
38400
38400
38400
38592
38400
38400
38400
38400
38400
