47.287
50.891
45.884
45.633
46.618
45.621
47.748
46.943
46.216
46.672
46.063
46.062
45.854
44.918
46.994
46.99
45.958
45.743
45.922
46.116
47.287
50.891
45.884
45.633
46.618
45.621
47.748
46.943
46.216
46.672
46.063
46.062
45.854
44.918
46.994
46.99
45.958
45.743
45.922
46.116
47.287
50.891
45.884
45.633
46.618
45.621
47.748
46.943
46.216
46.672
46.063
46.062
45.854
44.918
46.994
46.99
45.958
45.743
45.922
46.116
47.287
50.891
45.884
45.633
46.618
45.621
47.748
46.943
46.216
46.672
46.063
46.062
45.854
44.918
46.994
46.99
45.958
45.743
45.922
46.116
47.287
50.891
45.884
45.633
46.618
45.621
47.748
46.943
46.216
46.672
46.063
46.062
45.854
44.918
46.994
46.99
45.958
45.743
45.922
46.116
