46.106
46.151
46.074
46.061
45.874
46.109
46.108
46.212
46.213
46.171
45.873
45.926
46.285
46.139
46.145
46.086
46.25
46.103
46.075
46.021
46.106
46.151
46.074
46.061
45.874
46.109
46.108
46.212
46.213
46.171
45.873
45.926
46.285
46.139
46.145
46.086
46.25
46.103
46.075
46.021
46.106
46.151
46.074
46.061
45.874
46.109
46.108
46.212
46.213
46.171
45.873
45.926
46.285
46.139
46.145
46.086
46.25
46.103
46.075
46.021
46.106
46.151
46.074
46.061
45.874
46.109
46.108
46.212
46.213
46.171
45.873
45.926
46.285
46.139
46.145
46.086
46.25
46.103
46.075
46.021
