1.9911505
1.3274336
1.7699115
3.318584
2.2123895
2.6548672
1.3274336
1.5486726
2.6548672
1.3274336
0.88495576
3.097345
1.3274336
0.6637168
2.2123895
1.7699115
0.88495576
1.3274336
1.9911505
1.9911505
1.9911505
1.3274336
1.7699115
3.318584
2.2123895
2.6548672
1.3274336
1.5486726
2.6548672
1.3274336
0.88495576
3.097345
1.3274336
0.6637168
2.2123895
1.7699115
0.88495576
1.3274336
1.9911505
1.9911505
1.9911505
1.3274336
1.7699115
3.318584
2.2123895
2.6548672
1.3274336
1.5486726
2.6548672
1.3274336
0.88495576
3.097345
1.3274336
0.6637168
2.2123895
1.7699115
0.88495576
1.3274336
1.9911505
1.9911505
1.9911505
1.3274336
1.7699115
3.318584
2.2123895
2.6548672
1.3274336
1.5486726
2.6548672
1.3274336
0.88495576
3.097345
1.3274336
0.6637168
2.2123895
1.7699115
0.88495576
1.3274336
1.9911505
1.9911505
1.9911505
1.3274336
1.7699115
3.318584
2.2123895
2.6548672
1.3274336
1.5486726
2.6548672
1.3274336
0.88495576
3.097345
1.3274336
0.6637168
2.2123895
1.7699115
0.88495576
1.3274336
1.9911505
1.9911505
