28.097345
21.681416
23.893805
24.115044
23.672565
19.911505
19.911505
19.690266
19.469027
23.23009
17.477877
19.247787
21.017698
17.920355
20.796461
21.460176
17.920355
21.902655
18.58407
22.345133
28.097345
21.681416
23.893805
24.115044
23.672565
19.911505
19.911505
19.690266
19.469027
23.23009
17.477877
19.247787
21.017698
17.920355
20.796461
21.460176
17.920355
21.902655
18.58407
22.345133
28.097345
21.681416
23.893805
24.115044
23.672565
19.911505
19.911505
19.690266
19.469027
23.23009
17.477877
19.247787
21.017698
17.920355
20.796461
21.460176
17.920355
21.902655
18.58407
22.345133
28.097345
21.681416
23.893805
24.115044
23.672565
19.911505
19.911505
19.690266
19.469027
23.23009
17.477877
19.247787
21.017698
17.920355
20.796461
21.460176
17.920355
21.902655
18.58407
22.345133
