45.334
45.244
45.655
45.303
45.328
45.256
45.076
45.625
45.133
45.236
45.277
45.231
45.205
45.745
45.136
45.19
45.432
45.677
45.725
45.28
45.334
45.244
45.655
45.303
45.328
45.256
45.076
45.625
45.133
45.236
45.277
45.231
45.205
45.745
45.136
45.19
45.432
45.677
45.725
45.28
45.334
45.244
45.655
45.303
45.328
45.256
45.076
45.625
45.133
45.236
45.277
45.231
45.205
45.745
45.136
45.19
45.432
45.677
45.725
45.28
45.334
45.244
45.655
45.303
45.328
45.256
45.076
45.625
45.133
45.236
45.277
45.231
45.205
45.745
45.136
45.19
45.432
45.677
45.725
45.28
45.334
45.244
45.655
45.303
45.328
45.256
45.076
45.625
45.133
45.236
45.277
45.231
45.205
45.745
45.136
45.19
45.432
45.677
45.725
45.28
