2.8761063
3.539823
3.982301
2.6548672
2.4336283
1.7699115
1.9911505
1.9911505
1.5486726
2.4336283
1.7699115
3.318584
1.9911505
2.8761063
2.2123895
2.2123895
1.7699115
2.4336283
1.5486726
2.6548672
2.8761063
3.539823
3.982301
2.6548672
2.4336283
1.7699115
1.9911505
1.9911505
1.5486726
2.4336283
1.7699115
3.318584
1.9911505
2.8761063
2.2123895
2.2123895
1.7699115
2.4336283
1.5486726
2.6548672
2.8761063
3.539823
3.982301
2.6548672
2.4336283
1.7699115
1.9911505
1.9911505
1.5486726
2.4336283
1.7699115
3.318584
1.9911505
2.8761063
2.2123895
2.2123895
1.7699115
2.4336283
1.5486726
2.6548672
2.8761063
3.539823
3.982301
2.6548672
2.4336283
1.7699115
1.9911505
1.9911505
1.5486726
2.4336283
1.7699115
3.318584
1.9911505
2.8761063
2.2123895
2.2123895
1.7699115
2.4336283
1.5486726
2.6548672
