46.309
46.289
46.022
46.601
46.295
46.626
45.745
46.02
48.503
46.16
46.962
46.497
46.002
45.652
45.713
46.085
47.11
45.79
45.959
45.674
46.309
46.289
46.022
46.601
46.295
46.626
45.745
46.02
48.503
46.16
46.962
46.497
46.002
45.652
45.713
46.085
47.11
45.79
45.959
45.674
46.309
46.289
46.022
46.601
46.295
46.626
45.745
46.02
48.503
46.16
46.962
46.497
46.002
45.652
45.713
46.085
47.11
45.79
45.959
45.674
46.309
46.289
46.022
46.601
46.295
46.626
45.745
46.02
48.503
46.16
46.962
46.497
46.002
45.652
45.713
46.085
47.11
45.79
45.959
45.674
