44.675
44.119
44.189
44.423
43.979
43.942
45.077
44.051
44.056
44.178
44.034
44.035
45.153
43.936
44.531
45.794
44.267
45.05
43.942
43.862
44.675
44.119
44.189
44.423
43.979
43.942
45.077
44.051
44.056
44.178
44.034
44.035
45.153
43.936
44.531
45.794
44.267
45.05
43.942
43.862
44.675
44.119
44.189
44.423
43.979
43.942
45.077
44.051
44.056
44.178
44.034
44.035
45.153
43.936
44.531
45.794
44.267
45.05
43.942
43.862
44.675
44.119
44.189
44.423
43.979
43.942
45.077
44.051
44.056
44.178
44.034
44.035
45.153
43.936
44.531
45.794
44.267
45.05
43.942
43.862
