9.952039
9.952039
9.952039
9.952039
9.952039
9.952039
9.952039
9.952039
9.952039
9.952039
9.952039
9.952039
9.952039
9.952039
9.952039
9.952039
9.952039
9.952039
9.952039
9.952039
9.952039
9.952039
9.952039
9.952039
9.952039
9.952039
9.952039
9.952039
9.952039
9.952039
9.952039
9.952039
9.952039
9.952039
9.952039
9.952039
9.952039
9.952039
9.952039
9.952039
9.952039
9.952039
9.952039
9.952039
9.952039
9.952039
9.952039
9.952039
9.952039
9.952039
9.952039
9.952039
9.952039
9.952039
9.952039
9.952039
9.952039
9.952039
9.952039
9.952039
