10.071942
9.952039
9.952039
9.952039
9.952039
9.952039
9.952039
9.952039
9.952039
9.952039
9.952039
9.952039
9.952039
9.952039
9.952039
9.952039
9.952039
9.952039
9.952039
9.952039
10.071942
9.952039
9.952039
9.952039
9.952039
9.952039
9.952039
9.952039
9.952039
9.952039
9.952039
9.952039
9.952039
9.952039
9.952039
9.952039
9.952039
9.952039
9.952039
9.952039
10.071942
9.952039
9.952039
9.952039
9.952039
9.952039
9.952039
9.952039
9.952039
9.952039
9.952039
9.952039
9.952039
9.952039
9.952039
9.952039
9.952039
9.952039
9.952039
9.952039
10.071942
9.952039
9.952039
9.952039
9.952039
9.952039
9.952039
9.952039
9.952039
9.952039
9.952039
9.952039
9.952039
9.952039
9.952039
9.952039
9.952039
9.952039
9.952039
9.952039
