43.35
43.424
43.184
43.304
43.372
43.128
43.336
43.157
43.261
43.083
43.012
43.354
43.342
43.256
43.384
43.312
43.075
46.906
43.409
43.029
43.35
43.424
43.184
43.304
43.372
43.128
43.336
43.157
43.261
43.083
43.012
43.354
43.342
43.256
43.384
43.312
43.075
46.906
43.409
43.029
43.35
43.424
43.184
43.304
43.372
43.128
43.336
43.157
43.261
43.083
43.012
43.354
43.342
43.256
43.384
43.312
43.075
46.906
43.409
43.029
43.35
43.424
43.184
43.304
43.372
43.128
43.336
43.157
43.261
43.083
43.012
43.354
43.342
43.256
43.384
43.312
43.075
46.906
43.409
43.029
