18432
15936
19392
17472
16320
15936
15936
17472
17664
22080
17856
19584
15936
17856
19584
16128
18432
15936
16512
15936
18432
15936
19392
17472
16320
15936
15936
17472
17664
22080
17856
19584
15936
17856
19584
16128
18432
15936
16512
15936
18432
15936
19392
17472
16320
15936
15936
17472
17664
22080
17856
19584
15936
17856
19584
16128
18432
15936
16512
15936
18432
15936
19392
17472
16320
15936
15936
17472
17664
22080
17856
19584
15936
17856
19584
16128
18432
15936
16512
15936
18432
15936
19392
17472
16320
15936
15936
17472
17664
22080
17856
19584
15936
17856
19584
16128
18432
15936
16512
15936
