18.465229
19.544365
18.944845
22.182255
16.666668
16.666668
18.585133
17.505997
19.184652
16.786572
17.985613
17.026379
19.424461
17.146284
19.544365
18.465229
15.707435
18.585133
16.306955
18.465229
19.544365
18.944845
22.182255
16.666668
16.666668
18.585133
17.505997
19.184652
16.786572
17.985613
17.026379
19.424461
17.146284
19.544365
18.465229
15.707435
18.585133
16.306955
18.465229
19.544365
18.944845
22.182255
16.666668
16.666668
18.585133
17.505997
19.184652
16.786572
17.985613
17.026379
19.424461
17.146284
19.544365
18.465229
15.707435
18.585133
16.306955
18.465229
19.544365
18.944845
22.182255
16.666668
16.666668
18.585133
17.505997
19.184652
16.786572
17.985613
17.026379
19.424461
17.146284
19.544365
18.465229
15.707435
18.585133
16.306955
