1.3274336
1.5486726
2.6548672
1.7699115
2.6548672
1.3274336
2.6548672
1.9911505
3.097345
1.5486726
1.7699115
0.6637168
2.6548672
0.88495576
2.4336283
1.7699115
1.3274336
1.3274336
2.4336283
1.9911505
1.3274336
1.5486726
2.6548672
1.7699115
2.6548672
1.3274336
2.6548672
1.9911505
3.097345
1.5486726
1.7699115
0.6637168
2.6548672
0.88495576
2.4336283
1.7699115
1.3274336
1.3274336
2.4336283
1.9911505
1.3274336
1.5486726
2.6548672
1.7699115
2.6548672
1.3274336
2.6548672
1.9911505
3.097345
1.5486726
1.7699115
0.6637168
2.6548672
0.88495576
2.4336283
1.7699115
1.3274336
1.3274336
2.4336283
1.9911505
1.3274336
1.5486726
2.6548672
1.7699115
2.6548672
1.3274336
2.6548672
1.9911505
3.097345
1.5486726
1.7699115
0.6637168
2.6548672
0.88495576
2.4336283
1.7699115
1.3274336
1.3274336
2.4336283
1.9911505
1.3274336
1.5486726
2.6548672
1.7699115
2.6548672
1.3274336
2.6548672
1.9911505
3.097345
1.5486726
1.7699115
0.6637168
2.6548672
0.88495576
2.4336283
1.7699115
1.3274336
1.3274336
2.4336283
1.9911505
