16.067146
15.947242
15.947242
15.947242
15.947242
15.947242
15.947242
15.947242
15.947242
15.947242
15.947242
15.947242
15.947242
15.947242
15.947242
15.947242
15.947242
15.947242
15.947242
15.947242
16.067146
15.947242
15.947242
15.947242
15.947242
15.947242
15.947242
15.947242
15.947242
15.947242
15.947242
15.947242
15.947242
15.947242
15.947242
15.947242
15.947242
15.947242
15.947242
15.947242
16.067146
15.947242
15.947242
15.947242
15.947242
15.947242
15.947242
15.947242
15.947242
15.947242
15.947242
15.947242
15.947242
15.947242
15.947242
15.947242
15.947242
15.947242
15.947242
15.947242
16.067146
15.947242
15.947242
15.947242
15.947242
15.947242
15.947242
15.947242
15.947242
15.947242
15.947242
15.947242
15.947242
15.947242
15.947242
15.947242
15.947242
15.947242
15.947242
15.947242
