48.587
52.039
48.791
48.731
49.961
48.918
49.554
49.973
49.357
49.657
50.064
48.564
48.664
49.876
51.518
48.009
48.781
49.319
49.959
48.587
52.039
48.791
48.731
49.961
48.918
49.554
49.973
49.357
49.657
50.064
48.564
48.664
49.876
51.518
48.009
48.781
49.319
49.959
48.587
52.039
48.791
48.731
49.961
48.918
49.554
49.973
49.357
49.657
50.064
48.564
48.664
49.876
51.518
48.009
48.781
49.319
49.959
48.587
52.039
48.791
48.731
49.961
48.918
49.554
49.973
49.357
49.657
50.064
48.564
48.664
49.876
51.518
48.009
48.781
49.319
49.959
