20.575222
24.557522
21.238937
19.469027
24.115044
23.00885
24.336283
23.672565
21.017698
21.460176
26.76991
21.681416
22.345133
19.690266
23.451328
24.115044
26.106195
18.58407
21.902655
22.345133
20.575222
24.557522
21.238937
19.469027
24.115044
23.00885
24.336283
23.672565
21.017698
21.460176
26.76991
21.681416
22.345133
19.690266
23.451328
24.115044
26.106195
18.58407
21.902655
22.345133
20.575222
24.557522
21.238937
19.469027
24.115044
23.00885
24.336283
23.672565
21.017698
21.460176
26.76991
21.681416
22.345133
19.690266
23.451328
24.115044
26.106195
18.58407
21.902655
22.345133
20.575222
24.557522
21.238937
19.469027
24.115044
23.00885
24.336283
23.672565
21.017698
21.460176
26.76991
21.681416
22.345133
19.690266
23.451328
24.115044
26.106195
18.58407
21.902655
22.345133
