3.2374098
4.436451
7.194245
3.9568346
5.155875
4.436451
5.2757792
4.676259
4.676259
4.796163
3.7170265
4.436451
5.515588
4.196643
6.8345323
6.235012
5.035971
3.4772184
5.995204
3.9568346
3.2374098
4.436451
7.194245
3.9568346
5.155875
4.436451
5.2757792
4.676259
4.676259
4.796163
3.7170265
4.436451
5.515588
4.196643
6.8345323
6.235012
5.035971
3.4772184
5.995204
3.9568346
3.2374098
4.436451
7.194245
3.9568346
5.155875
4.436451
5.2757792
4.676259
4.676259
4.796163
3.7170265
4.436451
5.515588
4.196643
6.8345323
6.235012
5.035971
3.4772184
5.995204
3.9568346
3.2374098
4.436451
7.194245
3.9568346
5.155875
4.436451
5.2757792
4.676259
4.676259
4.796163
3.7170265
4.436451
5.515588
4.196643
6.8345323
6.235012
5.035971
3.4772184
5.995204
3.9568346
