23.980816
23.980816
23.980816
23.980816
23.980816
23.980816
23.980816
23.980816
23.980816
23.980816
24.10072
23.980816
24.10072
23.980816
23.980816
24.10072
23.980816
23.980816
23.980816
23.980816
23.980816
23.980816
23.980816
23.980816
23.980816
23.980816
23.980816
23.980816
23.980816
24.10072
23.980816
24.10072
23.980816
23.980816
24.10072
23.980816
23.980816
23.980816
23.980816
23.980816
23.980816
23.980816
23.980816
23.980816
23.980816
23.980816
23.980816
23.980816
24.10072
23.980816
24.10072
23.980816
23.980816
24.10072
23.980816
23.980816
23.980816
23.980816
23.980816
23.980816
23.980816
23.980816
23.980816
23.980816
23.980816
23.980816
23.980816
24.10072
23.980816
24.10072
23.980816
23.980816
24.10072
23.980816
23.980816
23.980816
