46.633
46.298
45.465
47.503
46.965
46.384
45.968
48.103
46.527
46.319
45.476
47.368
49.652
46.118
45.935
47.234
46.252
45.488
45.672
46.658
46.633
46.298
45.465
47.503
46.965
46.384
45.968
48.103
46.527
46.319
45.476
47.368
49.652
46.118
45.935
47.234
46.252
45.488
45.672
46.658
46.633
46.298
45.465
47.503
46.965
46.384
45.968
48.103
46.527
46.319
45.476
47.368
49.652
46.118
45.935
47.234
46.252
45.488
45.672
46.658
46.633
46.298
45.465
47.503
46.965
46.384
45.968
48.103
46.527
46.319
45.476
47.368
49.652
46.118
45.935
47.234
46.252
45.488
45.672
46.658
46.633
46.298
45.465
47.503
46.965
46.384
45.968
48.103
46.527
46.319
45.476
47.368
49.652
46.118
45.935
47.234
46.252
45.488
45.672
46.658
