15.947242
15.947242
15.947242
15.947242
15.947242
15.947242
15.947242
15.947242
15.947242
15.947242
15.947242
15.947242
15.947242
15.947242
15.947242
15.947242
15.947242
15.947242
15.947242
15.947242
15.947242
15.947242
15.947242
15.947242
15.947242
15.947242
15.947242
15.947242
15.947242
15.947242
15.947242
15.947242
15.947242
15.947242
15.947242
15.947242
15.947242
15.947242
15.947242
15.947242
15.947242
15.947242
15.947242
15.947242
15.947242
15.947242
15.947242
15.947242
15.947242
15.947242
15.947242
15.947242
15.947242
15.947242
15.947242
15.947242
15.947242
15.947242
15.947242
15.947242
