14.028777
15.707435
16.666668
17.505997
14.38849
18.465229
18.465229
16.786572
19.904078
17.266188
17.6259
17.505997
18.22542
19.904078
17.745804
15.587529
17.266188
18.465229
17.386091
14.028777
15.707435
16.666668
17.505997
14.38849
18.465229
18.465229
16.786572
19.904078
17.266188
17.6259
17.505997
18.22542
19.904078
17.745804
15.587529
17.266188
18.465229
17.386091
14.028777
15.707435
16.666668
17.505997
14.38849
18.465229
18.465229
16.786572
19.904078
17.266188
17.6259
17.505997
18.22542
19.904078
17.745804
15.587529
17.266188
18.465229
17.386091
14.028777
15.707435
16.666668
17.505997
14.38849
18.465229
18.465229
16.786572
19.904078
17.266188
17.6259
17.505997
18.22542
19.904078
17.745804
15.587529
17.266188
18.465229
17.386091
