33.407078
28.318584
29.424778
29.424778
34.513275
32.964603
32.743362
36.504425
30.973452
30.973452
38.053097
27.654867
32.743362
34.292034
34.734512
28.097345
34.292034
28.539824
30.530973
35.39823
33.407078
28.318584
29.424778
29.424778
34.513275
32.964603
32.743362
36.504425
30.973452
30.973452
38.053097
27.654867
32.743362
34.292034
34.734512
28.097345
34.292034
28.539824
30.530973
35.39823
33.407078
28.318584
29.424778
29.424778
34.513275
32.964603
32.743362
36.504425
30.973452
30.973452
38.053097
27.654867
32.743362
34.292034
34.734512
28.097345
34.292034
28.539824
30.530973
35.39823
