2.0383694
2.0383694
2.0383694
2.0383694
2.0383694
2.0383694
2.0383694
2.0383694
2.0383694
2.1582735
2.0383694
2.0383694
2.0383694
2.0383694
2.0383694
2.0383694
2.0383694
2.0383694
2.0383694
2.0383694
2.0383694
2.0383694
2.0383694
2.0383694
2.0383694
2.0383694
2.0383694
2.0383694
2.0383694
2.1582735
2.0383694
2.0383694
2.0383694
2.0383694
2.0383694
2.0383694
2.0383694
2.0383694
2.0383694
2.0383694
2.0383694
2.0383694
2.0383694
2.0383694
2.0383694
2.0383694
2.0383694
2.0383694
2.0383694
2.1582735
2.0383694
2.0383694
2.0383694
2.0383694
2.0383694
2.0383694
2.0383694
2.0383694
2.0383694
2.0383694
2.0383694
2.0383694
2.0383694
2.0383694
2.0383694
2.0383694
2.0383694
2.0383694
2.0383694
2.1582735
2.0383694
2.0383694
2.0383694
2.0383694
2.0383694
2.0383694
2.0383694
2.0383694
2.0383694
2.0383694
2.0383694
2.0383694
2.0383694
2.0383694
2.0383694
2.0383694
2.0383694
2.0383694
2.0383694
2.1582735
2.0383694
2.0383694
2.0383694
2.0383694
2.0383694
2.0383694
2.0383694
2.0383694
2.0383694
2.0383694
