48.65
49.017
49.13
48.955
49.092
49.044
48.986
48.589
49.021
48.769
48.938
48.633
48.744
48.798
49.012
48.595
48.928
48.79
49.066
48.952
48.65
49.017
49.13
48.955
49.092
49.044
48.986
48.589
49.021
48.769
48.938
48.633
48.744
48.798
49.012
48.595
48.928
48.79
49.066
48.952
48.65
49.017
49.13
48.955
49.092
49.044
48.986
48.589
49.021
48.769
48.938
48.633
48.744
48.798
49.012
48.595
48.928
48.79
49.066
48.952
48.65
49.017
49.13
48.955
49.092
49.044
48.986
48.589
49.021
48.769
48.938
48.633
48.744
48.798
49.012
48.595
48.928
48.79
49.066
48.952
