46.765
45.602
45.86
45.662
47.232
47.172
47.795
46.296
45.713
45.682
46.723
46.035
48.288
46.619
46.015
45.556
46.458
45.972
46.813
45.906
46.765
45.602
45.86
45.662
47.232
47.172
47.795
46.296
45.713
45.682
46.723
46.035
48.288
46.619
46.015
45.556
46.458
45.972
46.813
45.906
46.765
45.602
45.86
45.662
47.232
47.172
47.795
46.296
45.713
45.682
46.723
46.035
48.288
46.619
46.015
45.556
46.458
45.972
46.813
45.906
46.765
45.602
45.86
45.662
47.232
47.172
47.795
46.296
45.713
45.682
46.723
46.035
48.288
46.619
46.015
45.556
46.458
45.972
46.813
45.906
