20.383694
17.745804
17.6259
17.985613
18.585133
17.6259
15.947242
18.944845
18.22542
15.947242
18.22542
16.187052
18.345324
17.6259
21.342926
18.944845
18.585133
16.786572
15.947242
20.383694
17.745804
17.6259
17.985613
18.585133
17.6259
15.947242
18.944845
18.22542
15.947242
18.22542
16.187052
18.345324
17.6259
21.342926
18.944845
18.585133
16.786572
15.947242
20.383694
17.745804
17.6259
17.985613
18.585133
17.6259
15.947242
18.944845
18.22542
15.947242
18.22542
16.187052
18.345324
17.6259
21.342926
18.944845
18.585133
16.786572
15.947242
20.383694
17.745804
17.6259
17.985613
18.585133
17.6259
15.947242
18.944845
18.22542
15.947242
18.22542
16.187052
18.345324
17.6259
21.342926
18.944845
18.585133
16.786572
15.947242
