46.344
46.628
46.198
46.694
47.134
45.857
46.468
47.026
45.545
46.813
46.788
45.369
46.374
46.604
45.917
46.501
48.337
46.362
46.387
47.007
46.344
46.628
46.198
46.694
47.134
45.857
46.468
47.026
45.545
46.813
46.788
45.369
46.374
46.604
45.917
46.501
48.337
46.362
46.387
47.007
46.344
46.628
46.198
46.694
47.134
45.857
46.468
47.026
45.545
46.813
46.788
45.369
46.374
46.604
45.917
46.501
48.337
46.362
46.387
47.007
46.344
46.628
46.198
46.694
47.134
45.857
46.468
47.026
45.545
46.813
46.788
45.369
46.374
46.604
45.917
46.501
48.337
46.362
46.387
47.007
