51.186
48.945
49.492
49.179
49.308
48.933
48.953
49.081
49.487
49.21
48.766
51.664
48.885
49.156
48.923
49.459
48.806
49.226
50.237
49.38
51.186
48.945
49.492
49.179
49.308
48.933
48.953
49.081
49.487
49.21
48.766
51.664
48.885
49.156
48.923
49.459
48.806
49.226
50.237
49.38
51.186
48.945
49.492
49.179
49.308
48.933
48.953
49.081
49.487
49.21
48.766
51.664
48.885
49.156
48.923
49.459
48.806
49.226
50.237
49.38
51.186
48.945
49.492
49.179
49.308
48.933
48.953
49.081
49.487
49.21
48.766
51.664
48.885
49.156
48.923
49.459
48.806
49.226
50.237
49.38
51.186
48.945
49.492
49.179
49.308
48.933
48.953
49.081
49.487
49.21
48.766
51.664
48.885
49.156
48.923
49.459
48.806
49.226
50.237
49.38
