1.9184653
1.6786572
1.438849
0.8393286
0.4796163
1.3189448
0.8393286
0.5995204
0.8393286
0.35971224
0.9592326
1.1990408
1.1990408
1.3189448
0.4796163
1.1990408
0.5995204
0.5995204
1.1990408
1.3189448
1.9184653
1.6786572
1.438849
0.8393286
0.4796163
1.3189448
0.8393286
0.5995204
0.8393286
0.35971224
0.9592326
1.1990408
1.1990408
1.3189448
0.4796163
1.1990408
0.5995204
0.5995204
1.1990408
1.3189448
1.9184653
1.6786572
1.438849
0.8393286
0.4796163
1.3189448
0.8393286
0.5995204
0.8393286
0.35971224
0.9592326
1.1990408
1.1990408
1.3189448
0.4796163
1.1990408
0.5995204
0.5995204
1.1990408
1.3189448
1.9184653
1.6786572
1.438849
0.8393286
0.4796163
1.3189448
0.8393286
0.5995204
0.8393286
0.35971224
0.9592326
1.1990408
1.1990408
1.3189448
0.4796163
1.1990408
0.5995204
0.5995204
1.1990408
1.3189448
