44.443
44.669
44.911
44.682
44.406
44.897
44.442
44.464
44.765
44.819
44.665
44.607
44.601
44.426
44.581
44.603
44.443
44.634
44.342
44.586
44.443
44.669
44.911
44.682
44.406
44.897
44.442
44.464
44.765
44.819
44.665
44.607
44.601
44.426
44.581
44.603
44.443
44.634
44.342
44.586
44.443
44.669
44.911
44.682
44.406
44.897
44.442
44.464
44.765
44.819
44.665
44.607
44.601
44.426
44.581
44.603
44.443
44.634
44.342
44.586
44.443
44.669
44.911
44.682
44.406
44.897
44.442
44.464
44.765
44.819
44.665
44.607
44.601
44.426
44.581
44.603
44.443
44.634
44.342
44.586
44.443
44.669
44.911
44.682
44.406
44.897
44.442
44.464
44.765
44.819
44.665
44.607
44.601
44.426
44.581
44.603
44.443
44.634
44.342
44.586
