9.952039
9.952039
10.431655
10.31175
12.35012
11.390887
10.791367
11.510792
10.911271
11.7506
12.589929
10.791367
12.1103115
10.431655
10.5515585
9.472423
12.35012
10.191847
12.709832
10.431655
9.952039
9.952039
10.431655
10.31175
12.35012
11.390887
10.791367
11.510792
10.911271
11.7506
12.589929
10.791367
12.1103115
10.431655
10.5515585
9.472423
12.35012
10.191847
12.709832
10.431655
9.952039
9.952039
10.431655
10.31175
12.35012
11.390887
10.791367
11.510792
10.911271
11.7506
12.589929
10.791367
12.1103115
10.431655
10.5515585
9.472423
12.35012
10.191847
12.709832
10.431655
9.952039
9.952039
10.431655
10.31175
12.35012
11.390887
10.791367
11.510792
10.911271
11.7506
12.589929
10.791367
12.1103115
10.431655
10.5515585
9.472423
12.35012
10.191847
12.709832
10.431655
