21.942446
21.942446
21.942446
21.942446
21.942446
21.942446
21.942446
21.942446
21.942446
21.942446
21.942446
21.942446
21.942446
21.942446
21.942446
21.942446
21.942446
21.942446
21.942446
21.942446
21.942446
21.942446
21.942446
21.942446
21.942446
21.942446
21.942446
21.942446
21.942446
21.942446
21.942446
21.942446
21.942446
21.942446
21.942446
21.942446
21.942446
21.942446
21.942446
21.942446
21.942446
21.942446
21.942446
21.942446
21.942446
21.942446
21.942446
21.942446
21.942446
21.942446
21.942446
21.942446
21.942446
21.942446
21.942446
21.942446
21.942446
21.942446
21.942446
21.942446
