10.431655
10.911271
12.470024
9.352518
11.630695
12.709832
10.911271
9.11271
11.510792
10.671463
11.270984
10.431655
12.1103115
9.712231
12.1103115
11.270984
11.7506
11.7506
13.788968
10.5515585
10.431655
10.911271
12.470024
9.352518
11.630695
12.709832
10.911271
9.11271
11.510792
10.671463
11.270984
10.431655
12.1103115
9.712231
12.1103115
11.270984
11.7506
11.7506
13.788968
10.5515585
10.431655
10.911271
12.470024
9.352518
11.630695
12.709832
10.911271
9.11271
11.510792
10.671463
11.270984
10.431655
12.1103115
9.712231
12.1103115
11.270984
11.7506
11.7506
13.788968
10.5515585
10.431655
10.911271
12.470024
9.352518
11.630695
12.709832
10.911271
9.11271
11.510792
10.671463
11.270984
10.431655
12.1103115
9.712231
12.1103115
11.270984
11.7506
11.7506
13.788968
10.5515585
