47.742
47.227
47.338
47.325
47.134
47.386
46.863
47.166
47.15
47.154
47.1
46.859
47.252
47.149
47.434
47.148
47.2
47.245
47.43
47.417
47.742
47.227
47.338
47.325
47.134
47.386
46.863
47.166
47.15
47.154
47.1
46.859
47.252
47.149
47.434
47.148
47.2
47.245
47.43
47.417
47.742
47.227
47.338
47.325
47.134
47.386
46.863
47.166
47.15
47.154
47.1
46.859
47.252
47.149
47.434
47.148
47.2
47.245
47.43
47.417
47.742
47.227
47.338
47.325
47.134
47.386
46.863
47.166
47.15
47.154
47.1
46.859
47.252
47.149
47.434
47.148
47.2
47.245
47.43
47.417
