47.256
47.445
47.849
47.334
47.39
47.574
47.754
47.58
47.544
47.432
47.757
48.164
47.553
47.799
47.689
48.18
47.836
48.045
47.702
47.483
47.256
47.445
47.849
47.334
47.39
47.574
47.754
47.58
47.544
47.432
47.757
48.164
47.553
47.799
47.689
48.18
47.836
48.045
47.702
47.483
47.256
47.445
47.849
47.334
47.39
47.574
47.754
47.58
47.544
47.432
47.757
48.164
47.553
47.799
47.689
48.18
47.836
48.045
47.702
47.483
47.256
47.445
47.849
47.334
47.39
47.574
47.754
47.58
47.544
47.432
47.757
48.164
47.553
47.799
47.689
48.18
47.836
48.045
47.702
47.483
