16.81416
23.451328
20.132744
24.336283
20.575222
19.690266
23.893805
19.911505
19.247787
24.77876
23.893805
18.141592
22.345133
24.77876
20.796461
20.132744
24.115044
19.690266
22.566372
19.911505
16.81416
23.451328
20.132744
24.336283
20.575222
19.690266
23.893805
19.911505
19.247787
24.77876
23.893805
18.141592
22.345133
24.77876
20.796461
20.132744
24.115044
19.690266
22.566372
19.911505
16.81416
23.451328
20.132744
24.336283
20.575222
19.690266
23.893805
19.911505
19.247787
24.77876
23.893805
18.141592
22.345133
24.77876
20.796461
20.132744
24.115044
19.690266
22.566372
19.911505
16.81416
23.451328
20.132744
24.336283
20.575222
19.690266
23.893805
19.911505
19.247787
24.77876
23.893805
18.141592
22.345133
24.77876
20.796461
20.132744
24.115044
19.690266
22.566372
19.911505
