19392
19200
19200
20160
19200
19968
19200
19200
20736
19200
19392
19776
19200
19200
19200
19200
19392
19200
19200
19200
19392
19200
19200
20160
19200
19968
19200
19200
20736
19200
19392
19776
19200
19200
19200
19200
19392
19200
19200
19200
19392
19200
19200
20160
19200
19968
19200
19200
20736
19200
19392
19776
19200
19200
19200
19200
19392
19200
19200
19200
19392
19200
19200
20160
19200
19968
19200
19200
20736
19200
19392
19776
19200
19200
19200
19200
19392
19200
19200
19200
19392
19200
19200
20160
19200
19968
19200
19200
20736
19200
19392
19776
19200
19200
19200
19200
19392
19200
19200
19200
