31.637169
35.61947
32.743362
34.955753
32.964603
26.548672
30.530973
37.16814
31.19469
33.18584
31.41593
32.522125
32.964603
36.061947
32.300884
30.088495
34.734512
29.646017
33.407078
33.849556
31.637169
35.61947
32.743362
34.955753
32.964603
26.548672
30.530973
37.16814
31.19469
33.18584
31.41593
32.522125
32.964603
36.061947
32.300884
30.088495
34.734512
29.646017
33.407078
33.849556
31.637169
35.61947
32.743362
34.955753
32.964603
26.548672
30.530973
37.16814
31.19469
33.18584
31.41593
32.522125
32.964603
36.061947
32.300884
30.088495
34.734512
29.646017
33.407078
33.849556
