48.611
48.713
48.594
48.56
48.541
48.587
48.558
48.636
48.351
48.639
48.618
48.633
48.305
48.582
48.617
48.577
48.632
48.533
48.284
48.603
48.611
48.713
48.594
48.56
48.541
48.587
48.558
48.636
48.351
48.639
48.618
48.633
48.305
48.582
48.617
48.577
48.632
48.533
48.284
48.603
48.611
48.713
48.594
48.56
48.541
48.587
48.558
48.636
48.351
48.639
48.618
48.633
48.305
48.582
48.617
48.577
48.632
48.533
48.284
48.603
48.611
48.713
48.594
48.56
48.541
48.587
48.558
48.636
48.351
48.639
48.618
48.633
48.305
48.582
48.617
48.577
48.632
48.533
48.284
48.603
48.611
48.713
48.594
48.56
48.541
48.587
48.558
48.636
48.351
48.639
48.618
48.633
48.305
48.582
48.617
48.577
48.632
48.533
48.284
48.603
