16704
17472
19968
14976
18624
20352
17472
14592
18432
17088
18048
16704
19392
15552
19392
18048
18816
18816
22080
16896
16704
17472
19968
14976
18624
20352
17472
14592
18432
17088
18048
16704
19392
15552
19392
18048
18816
18816
22080
16896
16704
17472
19968
14976
18624
20352
17472
14592
18432
17088
18048
16704
19392
15552
19392
18048
18816
18816
22080
16896
16704
17472
19968
14976
18624
20352
17472
14592
18432
17088
18048
16704
19392
15552
19392
18048
18816
18816
22080
16896
16704
17472
19968
14976
18624
20352
17472
14592
18432
17088
18048
16704
19392
15552
19392
18048
18816
18816
22080
16896
