16.306955
16.906475
18.705036
18.345324
15.947242
19.784174
19.304556
15.2278185
20.023981
19.664268
17.6259
20.26379
16.666668
18.82494
19.544365
17.985613
18.22542
18.22542
17.146284
16.306955
16.906475
18.705036
18.345324
15.947242
19.784174
19.304556
15.2278185
20.023981
19.664268
17.6259
20.26379
16.666668
18.82494
19.544365
17.985613
18.22542
18.22542
17.146284
16.306955
16.906475
18.705036
18.345324
15.947242
19.784174
19.304556
15.2278185
20.023981
19.664268
17.6259
20.26379
16.666668
18.82494
19.544365
17.985613
18.22542
18.22542
17.146284
16.306955
16.906475
18.705036
18.345324
15.947242
19.784174
19.304556
15.2278185
20.023981
19.664268
17.6259
20.26379
16.666668
18.82494
19.544365
17.985613
18.22542
18.22542
17.146284
