49.949
49.913
49.942
51.152
50.029
49.758
49.948
52.024
50.082
50.009
51.238
50.129
49.526
49.737
51.161
49.977
49.852
50.097
49.98
49.863
49.949
49.913
49.942
51.152
50.029
49.758
49.948
52.024
50.082
50.009
51.238
50.129
49.526
49.737
51.161
49.977
49.852
50.097
49.98
49.863
49.949
49.913
49.942
51.152
50.029
49.758
49.948
52.024
50.082
50.009
51.238
50.129
49.526
49.737
51.161
49.977
49.852
50.097
49.98
49.863
49.949
49.913
49.942
51.152
50.029
49.758
49.948
52.024
50.082
50.009
51.238
50.129
49.526
49.737
51.161
49.977
49.852
50.097
49.98
49.863
49.949
49.913
49.942
51.152
50.029
49.758
49.948
52.024
50.082
50.009
51.238
50.129
49.526
49.737
51.161
49.977
49.852
50.097
49.98
49.863
