19.904078
18.944845
17.985613
17.985613
18.705036
18.345324
18.82494
17.985613
18.105516
17.985613
18.944845
18.345324
17.985613
18.105516
17.985613
17.985613
17.985613
17.985613
17.985613
19.904078
18.944845
17.985613
17.985613
18.705036
18.345324
18.82494
17.985613
18.105516
17.985613
18.944845
18.345324
17.985613
18.105516
17.985613
17.985613
17.985613
17.985613
17.985613
19.904078
18.944845
17.985613
17.985613
18.705036
18.345324
18.82494
17.985613
18.105516
17.985613
18.944845
18.345324
17.985613
18.105516
17.985613
17.985613
17.985613
17.985613
17.985613
19.904078
18.944845
17.985613
17.985613
18.705036
18.345324
18.82494
17.985613
18.105516
17.985613
18.944845
18.345324
17.985613
18.105516
17.985613
17.985613
17.985613
17.985613
17.985613
