14400
20160
17280
20928
18048
16896
20544
17088
16512
21312
20544
15552
19200
21312
17856
17280
20736
19584
19392
17088
14400
20160
17280
20928
18048
16896
20544
17088
16512
21312
20544
15552
19200
21312
17856
17280
20736
19584
19392
17088
14400
20160
17280
20928
18048
16896
20544
17088
16512
21312
20544
15552
19200
21312
17856
17280
20736
19584
19392
17088
14400
20160
17280
20928
18048
16896
20544
17088
16512
21312
20544
15552
19200
21312
17856
17280
20736
19584
19392
17088
14400
20160
17280
20928
18048
16896
20544
17088
16512
21312
20544
15552
19200
21312
17856
17280
20736
19584
19392
17088
