2.0383694
2.0383694
2.0383694
2.0383694
2.0383694
2.0383694
2.0383694
2.0383694
2.0383694
2.0383694
2.0383694
2.0383694
2.0383694
2.0383694
2.0383694
2.0383694
2.0383694
2.0383694
2.0383694
2.0383694
2.0383694
2.0383694
2.0383694
2.0383694
2.0383694
2.0383694
2.0383694
2.0383694
2.0383694
2.0383694
2.0383694
2.0383694
2.0383694
2.0383694
2.0383694
2.0383694
2.0383694
2.0383694
2.0383694
2.0383694
2.0383694
2.0383694
2.0383694
2.0383694
2.0383694
2.0383694
2.0383694
2.0383694
2.0383694
2.0383694
2.0383694
2.0383694
2.0383694
2.0383694
2.0383694
2.0383694
2.0383694
2.0383694
2.0383694
2.0383694
2.0383694
2.0383694
2.0383694
2.0383694
2.0383694
2.0383694
2.0383694
2.0383694
2.0383694
2.0383694
2.0383694
2.0383694
2.0383694
2.0383694
2.0383694
2.0383694
2.0383694
2.0383694
2.0383694
2.0383694
