43.635
43.787
43.938
44.375
44.257
43.899
43.985
44.561
43.937
43.958
43.913
43.993
44.37
44.209
44.346
44.15
44.126
44.337
44.024
45.508
43.635
43.787
43.938
44.375
44.257
43.899
43.985
44.561
43.937
43.958
43.913
43.993
44.37
44.209
44.346
44.15
44.126
44.337
44.024
45.508
43.635
43.787
43.938
44.375
44.257
43.899
43.985
44.561
43.937
43.958
43.913
43.993
44.37
44.209
44.346
44.15
44.126
44.337
44.024
45.508
43.635
43.787
43.938
44.375
44.257
43.899
43.985
44.561
43.937
43.958
43.913
43.993
44.37
44.209
44.346
44.15
44.126
44.337
44.024
45.508
