34.292034
36.283184
32.964603
41.150444
30.973452
30.973452
34.513275
32.522125
35.61947
31.19469
33.407078
31.637169
36.061947
31.858408
36.283184
33.849556
29.203539
34.513275
30.309734
31.41593
34.292034
36.283184
32.964603
41.150444
30.973452
30.973452
34.513275
32.522125
35.61947
31.19469
33.407078
31.637169
36.061947
31.858408
36.283184
33.849556
29.203539
34.513275
30.309734
31.41593
34.292034
36.283184
32.964603
41.150444
30.973452
30.973452
34.513275
32.522125
35.61947
31.19469
33.407078
31.637169
36.061947
31.858408
36.283184
33.849556
29.203539
34.513275
30.309734
31.41593
