4.676259
3.9568346
5.8753
5.155875
6.4748197
5.035971
5.8753
6.594724
7.3141484
6.594724
3.9568346
5.635492
5.515588
5.155875
4.796163
5.155875
3.9568346
4.556355
4.796163
5.995204
4.676259
3.9568346
5.8753
5.155875
6.4748197
5.035971
5.8753
6.594724
7.3141484
6.594724
3.9568346
5.635492
5.515588
5.155875
4.796163
5.155875
3.9568346
4.556355
4.796163
5.995204
4.676259
3.9568346
5.8753
5.155875
6.4748197
5.035971
5.8753
6.594724
7.3141484
6.594724
3.9568346
5.635492
5.515588
5.155875
4.796163
5.155875
3.9568346
4.556355
4.796163
5.995204
4.676259
3.9568346
5.8753
5.155875
6.4748197
5.035971
5.8753
6.594724
7.3141484
6.594724
3.9568346
5.635492
5.515588
5.155875
4.796163
5.155875
3.9568346
4.556355
4.796163
5.995204
