42.613
42.773
42.545
42.661
42.587
42.396
42.517
42.287
42.736
42.149
42.469
42.658
42.339
42.752
42.56
42.953
42.546
42.707
42.374
42.574
42.613
42.773
42.545
42.661
42.587
42.396
42.517
42.287
42.736
42.149
42.469
42.658
42.339
42.752
42.56
42.953
42.546
42.707
42.374
42.574
42.613
42.773
42.545
42.661
42.587
42.396
42.517
42.287
42.736
42.149
42.469
42.658
42.339
42.752
42.56
42.953
42.546
42.707
42.374
42.574
42.613
42.773
42.545
42.661
42.587
42.396
42.517
42.287
42.736
42.149
42.469
42.658
42.339
42.752
42.56
42.953
42.546
42.707
42.374
42.574
42.613
42.773
42.545
42.661
42.587
42.396
42.517
42.287
42.736
42.149
42.469
42.658
42.339
42.752
42.56
42.953
42.546
42.707
42.374
42.574
