49.758
49.66
49.752
49.483
49.769
49.627
49.875
49.816
49.52
49.649
49.919
49.661
49.357
49.652
49.757
49.407
50.003
49.609
49.558
49.684
49.758
49.66
49.752
49.483
49.769
49.627
49.875
49.816
49.52
49.649
49.919
49.661
49.357
49.652
49.757
49.407
50.003
49.609
49.558
49.684
49.758
49.66
49.752
49.483
49.769
49.627
49.875
49.816
49.52
49.649
49.919
49.661
49.357
49.652
49.757
49.407
50.003
49.609
49.558
49.684
49.758
49.66
49.752
49.483
49.769
49.627
49.875
49.816
49.52
49.649
49.919
49.661
49.357
49.652
49.757
49.407
50.003
49.609
49.558
49.684
