2.4336283
2.8761063
2.2123895
0.88495576
3.097345
1.7699115
1.7699115
1.1061947
1.7699115
1.7699115
1.3274336
1.9911505
3.761062
2.6548672
1.7699115
2.8761063
2.2123895
0.88495576
2.2123895
2.2123895
2.4336283
2.8761063
2.2123895
0.88495576
3.097345
1.7699115
1.7699115
1.1061947
1.7699115
1.7699115
1.3274336
1.9911505
3.761062
2.6548672
1.7699115
2.8761063
2.2123895
0.88495576
2.2123895
2.2123895
2.4336283
2.8761063
2.2123895
0.88495576
3.097345
1.7699115
1.7699115
1.1061947
1.7699115
1.7699115
1.3274336
1.9911505
3.761062
2.6548672
1.7699115
2.8761063
2.2123895
0.88495576
2.2123895
2.2123895
2.4336283
2.8761063
2.2123895
0.88495576
3.097345
1.7699115
1.7699115
1.1061947
1.7699115
1.7699115
1.3274336
1.9911505
3.761062
2.6548672
1.7699115
2.8761063
2.2123895
0.88495576
2.2123895
2.2123895
