36.946903
35.17699
31.41593
30.973452
34.734512
34.070797
34.955753
32.522125
33.407078
29.867256
35.17699
34.070797
31.41593
31.19469
31.858408
32.079647
32.743362
32.079647
31.858408
34.070797
36.946903
35.17699
31.41593
30.973452
34.734512
34.070797
34.955753
32.522125
33.407078
29.867256
35.17699
34.070797
31.41593
31.19469
31.858408
32.079647
32.743362
32.079647
31.858408
34.070797
36.946903
35.17699
31.41593
30.973452
34.734512
34.070797
34.955753
32.522125
33.407078
29.867256
35.17699
34.070797
31.41593
31.19469
31.858408
32.079647
32.743362
32.079647
31.858408
34.070797
36.946903
35.17699
31.41593
30.973452
34.734512
34.070797
34.955753
32.522125
33.407078
29.867256
35.17699
34.070797
31.41593
31.19469
31.858408
32.079647
32.743362
32.079647
31.858408
34.070797
