26.019186
26.019186
26.019186
26.019186
26.019186
26.019186
26.019186
26.019186
26.019186
26.019186
26.019186
26.019186
26.019186
26.019186
26.019186
26.019186
26.019186
26.019186
26.019186
26.019186
26.019186
26.019186
26.019186
26.019186
26.019186
26.019186
26.019186
26.019186
26.019186
26.019186
26.019186
26.019186
26.019186
26.019186
26.019186
26.019186
26.019186
26.019186
26.019186
26.019186
26.019186
26.019186
26.019186
26.019186
26.019186
26.019186
26.019186
26.019186
26.019186
26.019186
26.019186
26.019186
26.019186
26.019186
26.019186
26.019186
26.019186
26.019186
26.019186
26.019186
