50.901
52.579
51.116
51.113
51.078
50.994
51.127
51.093
51.102
50.927
51.074
51.037
51.078
50.97
51.306
51.131
51.037
50.976
51.06
51.023
50.901
52.579
51.116
51.113
51.078
50.994
51.127
51.093
51.102
50.927
51.074
51.037
51.078
50.97
51.306
51.131
51.037
50.976
51.06
51.023
50.901
52.579
51.116
51.113
51.078
50.994
51.127
51.093
51.102
50.927
51.074
51.037
51.078
50.97
51.306
51.131
51.037
50.976
51.06
51.023
50.901
52.579
51.116
51.113
51.078
50.994
51.127
51.093
51.102
50.927
51.074
51.037
51.078
50.97
51.306
51.131
51.037
50.976
51.06
51.023
50.901
52.579
51.116
51.113
51.078
50.994
51.127
51.093
51.102
50.927
51.074
51.037
51.078
50.97
51.306
51.131
51.037
50.976
51.06
51.023
