26.106195
29.203539
30.973452
32.522125
26.76991
34.292034
34.292034
31.19469
36.946903
32.079647
32.743362
32.522125
33.849556
36.946903
32.964603
28.982302
32.079647
34.292034
32.300884
34.955753
26.106195
29.203539
30.973452
32.522125
26.76991
34.292034
34.292034
31.19469
36.946903
32.079647
32.743362
32.522125
33.849556
36.946903
32.964603
28.982302
32.079647
34.292034
32.300884
34.955753
26.106195
29.203539
30.973452
32.522125
26.76991
34.292034
34.292034
31.19469
36.946903
32.079647
32.743362
32.522125
33.849556
36.946903
32.964603
28.982302
32.079647
34.292034
32.300884
34.955753
