12.1103115
11.990408
11.990408
12.589929
11.990408
12.470024
11.990408
11.990408
12.949639
11.990408
12.1103115
12.35012
11.990408
11.990408
11.990408
11.990408
12.1103115
11.990408
11.990408
11.990408
12.1103115
11.990408
11.990408
12.589929
11.990408
12.470024
11.990408
11.990408
12.949639
11.990408
12.1103115
12.35012
11.990408
11.990408
11.990408
11.990408
12.1103115
11.990408
11.990408
11.990408
12.1103115
11.990408
11.990408
12.589929
11.990408
12.470024
11.990408
11.990408
12.949639
11.990408
12.1103115
12.35012
11.990408
11.990408
11.990408
11.990408
12.1103115
11.990408
11.990408
11.990408
12.1103115
11.990408
11.990408
12.589929
11.990408
12.470024
11.990408
11.990408
12.949639
11.990408
12.1103115
12.35012
11.990408
11.990408
11.990408
11.990408
12.1103115
11.990408
11.990408
11.990408
