42.51
42.395
42.252
42.411
42.407
42.179
42.408
42.443
42.176
42.417
42.432
42.233
42.4
42.13
42.401
42.399
42.382
42.363
42.382
42.403
42.51
42.395
42.252
42.411
42.407
42.179
42.408
42.443
42.176
42.417
42.432
42.233
42.4
42.13
42.401
42.399
42.382
42.363
42.382
42.403
42.51
42.395
42.252
42.411
42.407
42.179
42.408
42.443
42.176
42.417
42.432
42.233
42.4
42.13
42.401
42.399
42.382
42.363
42.382
42.403
42.51
42.395
42.252
42.411
42.407
42.179
42.408
42.443
42.176
42.417
42.432
42.233
42.4
42.13
42.401
42.399
42.382
42.363
42.382
42.403
