51.014
50.816
50.765
51.125
52.029
50.564
51.637
50.824
50.799
51.058
50.98
50.559
50.765
50.788
50.607
50.946
50.721
50.882
50.641
50.529
51.014
50.816
50.765
51.125
52.029
50.564
51.637
50.824
50.799
51.058
50.98
50.559
50.765
50.788
50.607
50.946
50.721
50.882
50.641
50.529
51.014
50.816
50.765
51.125
52.029
50.564
51.637
50.824
50.799
51.058
50.98
50.559
50.765
50.788
50.607
50.946
50.721
50.882
50.641
50.529
51.014
50.816
50.765
51.125
52.029
50.564
51.637
50.824
50.799
51.058
50.98
50.559
50.765
50.788
50.607
50.946
50.721
50.882
50.641
50.529
51.014
50.816
50.765
51.125
52.029
50.564
51.637
50.824
50.799
51.058
50.98
50.559
50.765
50.788
50.607
50.946
50.721
50.882
50.641
50.529
