37.83186
32.964603
32.743362
33.407078
34.513275
32.743362
27.876106
35.17699
33.849556
25.663717
33.849556
29.203539
34.070797
32.743362
39.60177
35.17699
34.513275
31.19469
28.982302
36.504425
37.83186
32.964603
32.743362
33.407078
34.513275
32.743362
27.876106
35.17699
33.849556
25.663717
33.849556
29.203539
34.070797
32.743362
39.60177
35.17699
34.513275
31.19469
28.982302
36.504425
37.83186
32.964603
32.743362
33.407078
34.513275
32.743362
27.876106
35.17699
33.849556
25.663717
33.849556
29.203539
34.070797
32.743362
39.60177
35.17699
34.513275
31.19469
28.982302
36.504425
37.83186
32.964603
32.743362
33.407078
34.513275
32.743362
27.876106
35.17699
33.849556
25.663717
33.849556
29.203539
34.070797
32.743362
39.60177
35.17699
34.513275
31.19469
28.982302
36.504425
