7.964602
9.292035
11.061947
10.398231
10.398231
10.619469
9.070796
12.831859
9.955752
12.831859
8.185841
11.283186
8.849558
9.513274
11.061947
7.522124
8.185841
11.283186
11.725664
11.946902
7.964602
9.292035
11.061947
10.398231
10.398231
10.619469
9.070796
12.831859
9.955752
12.831859
8.185841
11.283186
8.849558
9.513274
11.061947
7.522124
8.185841
11.283186
11.725664
11.946902
7.964602
9.292035
11.061947
10.398231
10.398231
10.619469
9.070796
12.831859
9.955752
12.831859
8.185841
11.283186
8.849558
9.513274
11.061947
7.522124
8.185841
11.283186
11.725664
11.946902
7.964602
9.292035
11.061947
10.398231
10.398231
10.619469
9.070796
12.831859
9.955752
12.831859
8.185841
11.283186
8.849558
9.513274
11.061947
7.522124
8.185841
11.283186
11.725664
11.946902
