45.925
45.519
48.279
46.005
45.936
45.596
45.325
46.998
46.022
47.027
47.192
48.577
45.13
45.831
46.537
45.985
46.22
45.237
45.831
45.527
45.925
45.519
48.279
46.005
45.936
45.596
45.325
46.998
46.022
47.027
47.192
48.577
45.13
45.831
46.537
45.985
46.22
45.237
45.831
45.527
45.925
45.519
48.279
46.005
45.936
45.596
45.325
46.998
46.022
47.027
47.192
48.577
45.13
45.831
46.537
45.985
46.22
45.237
45.831
45.527
45.925
45.519
48.279
46.005
45.936
45.596
45.325
46.998
46.022
47.027
47.192
48.577
45.13
45.831
46.537
45.985
46.22
45.237
45.831
45.527
45.925
45.519
48.279
46.005
45.936
45.596
45.325
46.998
46.022
47.027
47.192
48.577
45.13
45.831
46.537
45.985
46.22
45.237
45.831
45.527
