11.990408
11.990408
11.990408
12.1103115
11.990408
11.990408
11.990408
11.990408
11.990408
11.990408
11.990408
11.990408
11.990408
11.990408
11.990408
11.990408
11.990408
11.990408
11.990408
11.990408
11.990408
11.990408
11.990408
12.1103115
11.990408
11.990408
11.990408
11.990408
11.990408
11.990408
11.990408
11.990408
11.990408
11.990408
11.990408
11.990408
11.990408
11.990408
11.990408
11.990408
11.990408
11.990408
11.990408
12.1103115
11.990408
11.990408
11.990408
11.990408
11.990408
11.990408
11.990408
11.990408
11.990408
11.990408
11.990408
11.990408
11.990408
11.990408
11.990408
11.990408
