46.785
46.987
47.504
45.222
48.082
46.285
45.848
45.317
46.253
46.826
47.001
47.698
46.412
45.653
47.494
47.176
46.245
47.846
46.741
45.627
46.785
46.987
47.504
45.222
48.082
46.285
45.848
45.317
46.253
46.826
47.001
47.698
46.412
45.653
47.494
47.176
46.245
47.846
46.741
45.627
46.785
46.987
47.504
45.222
48.082
46.285
45.848
45.317
46.253
46.826
47.001
47.698
46.412
45.653
47.494
47.176
46.245
47.846
46.741
45.627
46.785
46.987
47.504
45.222
48.082
46.285
45.848
45.317
46.253
46.826
47.001
47.698
46.412
45.653
47.494
47.176
46.245
47.846
46.741
45.627
