21.942446
21.942446
22.062351
21.942446
22.062351
21.942446
21.942446
21.942446
22.182255
21.942446
21.942446
21.942446
21.942446
21.942446
21.942446
21.942446
21.942446
21.942446
21.942446
21.942446
21.942446
22.062351
21.942446
22.062351
21.942446
21.942446
21.942446
22.182255
21.942446
21.942446
21.942446
21.942446
21.942446
21.942446
21.942446
21.942446
21.942446
21.942446
21.942446
21.942446
22.062351
21.942446
22.062351
21.942446
21.942446
21.942446
22.182255
21.942446
21.942446
21.942446
21.942446
21.942446
21.942446
21.942446
21.942446
21.942446
21.942446
21.942446
21.942446
22.062351
21.942446
22.062351
21.942446
21.942446
21.942446
22.182255
21.942446
21.942446
21.942446
21.942446
21.942446
21.942446
21.942446
21.942446
21.942446
21.942446
