20.023981
20.023981
20.023981
20.023981
20.023981
20.023981
20.023981
20.023981
20.143885
20.143885
20.143885
20.143885
20.023981
20.26379
20.023981
20.143885
20.143885
20.023981
20.023981
20.023981
20.023981
20.023981
20.023981
20.023981
20.023981
20.023981
20.023981
20.143885
20.143885
20.143885
20.143885
20.023981
20.26379
20.023981
20.143885
20.143885
20.023981
20.023981
20.023981
20.023981
20.023981
20.023981
20.023981
20.023981
20.023981
20.023981
20.143885
20.143885
20.143885
20.143885
20.023981
20.26379
20.023981
20.143885
20.143885
20.023981
20.023981
