7.434053
6.115108
5.635492
5.8753
5.035971
5.3956833
5.635492
5.3956833
4.796163
5.035971
4.436451
5.155875
5.3956833
5.2757792
5.635492
6.7146287
5.635492
4.676259
4.196643
4.076739
7.434053
6.115108
5.635492
5.8753
5.035971
5.3956833
5.635492
5.3956833
4.796163
5.035971
4.436451
5.155875
5.3956833
5.2757792
5.635492
6.7146287
5.635492
4.676259
4.196643
4.076739
7.434053
6.115108
5.635492
5.8753
5.035971
5.3956833
5.635492
5.3956833
4.796163
5.035971
4.436451
5.155875
5.3956833
5.2757792
5.635492
6.7146287
5.635492
4.676259
4.196643
4.076739
