41664
26.019186
1
51.014
51.014
0.0
41664
26.019186
1
50.816
50.816
0.0
41664
26.019186
1
50.765
50.765
0.0
41664
26.019186
1
51.125
51.125
0.0
41856
26.13909
2
52.029
52.029
0.0
41664
26.019186
1
50.564
50.564
0.0
41856
26.13909
2
51.637
51.637
0.0
41664
26.019186
1
50.824
50.824
0.0
41664
26.019186
1
50.799
50.799
0.0
41664
26.019186
1
51.058
51.058
0.0
41664
26.019186
1
50.98
50.98
0.0
41664
26.019186
1
50.559
50.559
0.0
41664
26.019186
1
50.765
50.765
0.0
41664
26.019186
1
50.788
50.788
0.0
41664
26.019186
1
50.607
50.607
0.0
41664
26.019186
1
50.946
50.946
0.0
41664
26.019186
1
50.721
50.721
0.0
41664
26.019186
1
50.882
50.882
0.0
41664
26.019186
1
50.641
50.641
0.0
41664
26.019186
1
50.529
50.529
0.0
