35136
21.942446
1
49.936
49.936
0.0
35136
21.942446
1
49.464
49.464
0.0
35136
21.942446
1
49.591
49.591
0.0
35136
21.942446
1
49.822
49.822
0.0
35136
21.942446
1
49.511
49.511
0.0
35136
21.942446
1
49.788
49.788
0.0
35136
21.942446
1
49.909
49.909
0.0
35136
21.942446
1
49.782
49.782
0.0
35136
21.942446
1
49.862
49.862
0.0
35136
21.942446
1
49.535
49.535
0.0
35136
21.942446
1
49.855
49.855
0.0
35136
21.942446
1
49.408
49.408
0.0
35136
21.942446
1
49.936
49.936
0.0
35136
21.942446
1
49.534
49.534
0.0
35136
21.942446
1
49.59
49.59
0.0
35136
21.942446
1
49.608
49.608
0.0
35136
21.942446
1
49.411
49.411
0.0
35136
21.942446
1
49.892
49.892
0.0
35136
21.942446
1
49.663
49.663
0.0
35136
21.942446
1
49.764
49.764
0.0
