35136
21.942446
1
49.845
49.845
0.0
35136
21.942446
1
49.535
49.535
0.0
35136
21.942446
1
49.477
49.477
0.0
35136
21.942446
1
49.88
49.88
0.0
35136
21.942446
1
49.463
49.463
0.0
35136
21.942446
1
49.797
49.797
0.0
35136
21.942446
1
49.953
49.953
0.0
35136
21.942446
1
49.657
49.657
0.0
35136
21.942446
1
49.675
49.675
0.0
35136
21.942446
1
49.739
49.739
0.0
35136
21.942446
1
49.286
49.286
0.0
35136
21.942446
1
49.341
49.341
0.0
35136
21.942446
1
49.794
49.794
0.0
35136
21.942446
1
49.819
49.819
0.0
35136
21.942446
1
49.496
49.496
0.0
35136
21.942446
1
49.764
49.764
0.0
35136
21.942446
1
49.63
49.63
0.0
35136
21.942446
1
49.527
49.527
0.0
35136
21.942446
1
49.555
49.555
0.0
35136
21.942446
1
49.845
49.845
0.0
