40896
25.539568
7
51.656
51.656
0.0
38208
23.86091
6
51.247
51.247
0.0
39168
24.460432
7
51.288
51.288
0.0
40896
25.539568
8
52.856
52.856
0.0
44544
27.817747
8
53.592
53.592
0.0
47808
29.856115
6
51.331
51.331
0.0
40128
25.059954
6
50.658
50.658
0.0
39936
24.940048
8
53.185
53.185
0.0
34560
21.582733
8
51.199
51.199
0.0
43200
26.978418
5
50.486
50.486
0.0
42240
26.378897
7
53.076
53.076
0.0
41088
25.659472
5
50.744
50.744
0.0
38592
24.10072
5
50.085
50.085
0.0
38784
24.220623
7
51.158
51.158
0.0
42432
26.4988
6
52.056
52.056
0.0
34944
21.822542
6
50.254
50.254
0.0
41280
25.779375
5
50.874
50.874
0.0
40896
25.539568
5
50.799
50.799
0.0
37632
23.5012
7
52.08
52.08
0.0
39168
24.460432
6
50.069
50.069
0.0
