41664
26.019186
1
50.901
50.901
0.0
41664
26.019186
1
52.579
52.579
0.0
41664
26.019186
1
51.116
51.116
0.0
41664
26.019186
1
51.113
51.113
0.0
41664
26.019186
1
51.078
51.078
0.0
41664
26.019186
1
50.994
50.994
0.0
41664
26.019186
1
51.127
51.127
0.0
41664
26.019186
1
51.093
51.093
0.0
41664
26.019186
1
51.102
51.102
0.0
41664
26.019186
1
50.927
50.927
0.0
41664
26.019186
1
51.074
51.074
0.0
41664
26.019186
1
51.037
51.037
0.0
41664
26.019186
1
51.078
51.078
0.0
41664
26.019186
1
50.97
50.97
0.0
41664
26.019186
1
51.306
51.306
0.0
41664
26.019186
1
51.131
51.131
0.0
41664
26.019186
1
51.037
51.037
0.0
41664
26.019186
1
50.976
50.976
0.0
41664
26.019186
1
51.06
51.06
0.0
41664
26.019186
1
51.023
51.023
0.0
