22464
14.028777
5
47.02
47.02
0.0
25152
15.707435
6
48.448
48.448
0.0
26688
16.666668
4
47.625
47.625
0.0
28032
17.505997
7
50.125
50.125
0.0
23040
14.38849
7
48.846
48.846
0.0
29568
18.465229
7
49.134
49.134
0.0
29568
18.465229
6
49.491
49.491
0.0
26880
16.786572
5
48.915
48.915
0.0
31872
19.904078
7
50.568
50.568
0.0
27648
17.266188
5
48.01
48.01
0.0
28224
17.6259
5
48.528
48.528
0.0
28032
17.505997
5
49.468
49.468
0.0
29184
18.22542
5
48.424
48.424
0.0
31872
19.904078
6
49.769
49.769
0.0
28416
17.745804
6
49.395
49.395
0.0
24960
15.587529
6
48.459
48.46
2.0636002E-5
27648
17.266188
5
48.141
48.141
0.0
29568
18.465229
4
48.75
48.75
0.0
27840
17.386091
7
50.227
50.227
0.0
30144
18.82494
6
48.469
48.469
0.0
