28800
17.985613
1
48.44
48.44
0.0
28800
17.985613
1
48.395
48.395
0.0
28800
17.985613
1
48.497
48.497
0.0
28800
17.985613
1
48.585
48.585
0.0
28800
17.985613
1
48.54
48.54
0.0
28800
17.985613
1
48.482
48.482
0.0
28800
17.985613
1
48.32
48.32
0.0
28800
17.985613
1
48.533
48.533
0.0
28800
17.985613
1
48.306
48.306
0.0
28800
17.985613
1
48.534
48.534
0.0
28800
17.985613
1
48.397
48.397
0.0
28800
17.985613
1
48.498
48.498
0.0
28800
17.985613
1
48.452
48.452
0.0
28800
17.985613
1
48.347
48.347
0.0
28800
17.985613
1
48.566
48.566
0.0
28800
17.985613
1
48.438
48.438
0.0
28800
17.985613
1
48.448
48.448
0.0
28800
17.985613
1
48.515
48.515
0.0
28800
17.985613
1
48.298
48.298
0.0
28800
17.985613
1
48.397
48.397
0.0
