14400
8.992806
5
46.344
46.344
0.0
20160
12.589929
4
46.628
46.628
0.0
17280
10.791367
4
46.197
46.198
2.1646427E-5
20928
13.069545
5
46.694
46.694
0.0
18048
11.270984
8
47.134
47.134
0.0
16896
10.5515585
4
45.857
45.857
0.0
20544
12.829736
5
46.468
46.468
0.0
17088
10.671463
5
47.026
47.026
0.0
16512
10.31175
4
45.545
45.545
0.0
21312
13.309352
5
46.813
46.813
0.0
20544
12.829736
5
46.788
46.788
0.0
15552
9.712231
4
45.369
45.369
0.0
19200
11.990408
5
46.374
46.374
0.0
21312
13.309352
5
46.604
46.604
0.0
17856
11.151079
5
45.917
45.917
0.0
17280
10.791367
5
46.501
46.501
0.0
20736
12.949639
7
48.337
48.337
0.0
19584
12.230216
19
46.362
46.362
0.0
19392
12.1103115
4
46.387
46.387
0.0
17088
10.671463
6
47.007
47.007
0.0
