18432
11.510792
3
45.925
45.925
0.0
15936
9.952039
1
45.519
45.519
0.0
19392
12.1103115
6
48.279
48.279
0.0
17472
10.911271
4
46.005
46.005
0.0
16320
10.191847
3
45.936
45.936
0.0
15936
9.952039
1
45.596
45.596
0.0
15936
9.952039
1
45.325
45.325
0.0
17472
10.911271
4
46.998
46.998
0.0
17664
11.031176
4
46.022
46.022
0.0
22080
13.788968
4
47.027
47.027
0.0
17856
11.151079
5
47.192
47.192
0.0
19584
12.230216
6
48.577
48.577
0.0
15936
9.952039
1
45.13
45.13
0.0
17856
11.151079
5
45.831
45.831
0.0
19584
12.230216
3
46.537
46.537
0.0
16128
10.071942
2
45.985
45.985
0.0
18432
11.510792
4
46.22
46.22
0.0
15936
9.952039
1
45.237
45.237
0.0
16512
10.31175
3
45.831
45.831
0.0
15936
9.952039
1
45.527
45.527
0.0
