40320
25.179857
6
51.645
51.645
0.0
42624
26.618704
9
54.789
54.789
0.0
38016
23.741007
8
53.074
53.074
0.0
40896
25.539568
6
52.324
52.324
0.0
38400
23.980816
6
51.336
51.336
0.0
46656
29.13669
7
52.786
52.786
0.0
38400
23.980816
4
50.097
50.097
0.0
38208
23.86091
5
50.148
50.148
0.0
35904
22.422062
5
49.567
49.567
0.0
38976
24.340528
8
52.834
52.834
0.0
45120
28.177458
6
52.166
52.166
0.0
42048
26.258993
5
50.351
50.351
0.0
38784
24.220623
9
53.992
53.992
0.0
33408
20.86331
5
50.054
50.054
0.0
40128
25.059954
6
50.552
50.552
0.0
50688
31.654676
6
52.475
52.475
0.0
37056
23.141487
4
49.948
49.948
0.0
38784
24.220623
7
52.365
52.365
0.0
37632
23.5012
5
50.349
50.349
0.0
43008
26.858515
6
51.223
51.223
0.0
