6336
3.9568346
1
43.237
43.237
0.0
6336
3.9568346
1
43.273
43.273
0.0
6336
3.9568346
1
43.273
43.273
0.0
6336
3.9568346
1
43.391
43.391
0.0
6336
3.9568346
1
43.13
43.13
0.0
6336
3.9568346
1
42.954
42.954
0.0
6336
3.9568346
1
43.243
43.243
0.0
6336
3.9568346
1
42.99
42.99
0.0
6336
3.9568346
1
43.255
43.255
0.0
6336
3.9568346
1
43.119
43.119
0.0
6336
3.9568346
1
43.192
43.192
0.0
6336
3.9568346
1
43.08
43.08
0.0
6336
3.9568346
1
43.309
43.309
0.0
6336
3.9568346
1
43.275
43.275
0.0
6336
3.9568346
1
43.415
43.415
0.0
6336
3.9568346
1
43.281
43.281
0.0
6336
3.9568346
1
43.38
43.38
0.0
6336
3.9568346
1
43.716
43.716
0.0
6336
3.9568346
1
43.12
43.12
0.0
6336
3.9568346
1
43.213
43.213
0.0
