28992
18.105516
2
49.09
49.09
0.0
28800
17.985613
1
47.918
47.918
0.0
28800
17.985613
1
48.275
48.275
0.0
28800
17.985613
1
48.193
48.193
0.0
28800
17.985613
1
48.145
48.145
0.0
28800
17.985613
1
48.285
48.285
0.0
28800
17.985613
1
47.928
47.928
0.0
28800
17.985613
1
47.876
47.876
0.0
28800
17.985613
1
48.057
48.057
0.0
28800
17.985613
1
47.998
47.998
0.0
28800
17.985613
1
47.865
47.865
0.0
28992
18.105516
2
49.141
49.141
0.0
28800
17.985613
1
47.858
47.858
0.0
28800
17.985613
1
48.147
48.147
0.0
28800
17.985613
1
48.104
48.104
0.0
28800
17.985613
1
48.156
48.156
0.0
28800
17.985613
1
47.771
47.771
0.0
28800
17.985613
1
48.195
48.195
0.0
28800
17.985613
1
48.134
48.134
0.0
28800
17.985613
1
48.251
48.251
0.0
