35520
22.182255
3
51.186
51.186
0.0
35136
21.942446
1
48.945
48.945
0.0
35136
21.942446
1
49.492
49.492
0.0
35136
21.942446
1
49.179
49.179
0.0
35136
21.942446
1
49.308
49.308
0.0
35136
21.942446
1
48.933
48.933
0.0
35136
21.942446
1
48.953
48.953
0.0
35136
21.942446
1
49.081
49.081
0.0
35136
21.942446
1
49.487
49.487
0.0
35136
21.942446
1
49.21
49.21
0.0
35136
21.942446
1
48.766
48.766
0.0
35520
22.182255
3
51.664
51.664
0.0
35136
21.942446
1
48.885
48.885
0.0
35136
21.942446
1
49.156
49.156
0.0
35136
21.942446
1
48.923
48.923
0.0
35136
21.942446
1
49.459
49.459
0.0
35136
21.942446
1
48.806
48.806
0.0
35136
21.942446
1
49.226
49.226
0.0
35328
22.062351
2
50.237
50.237
0.0
35136
21.942446
1
49.38
49.38
0.0
