12864
8.033573
1
44.663
44.663
0.0
12864
8.033573
1
44.665
44.665
0.0
12864
8.033573
1
44.487
44.487
0.0
12864
8.033573
1
44.76
44.76
0.0
12864
8.033573
1
44.703
44.703
0.0
12864
8.033573
1
44.181
44.181
0.0
12864
8.033573
1
46.461
46.461
0.0
12864
8.033573
1
44.642
44.642
0.0
12864
8.033573
1
44.159
44.159
0.0
12864
8.033573
1
44.474
44.474
0.0
12864
8.033573
1
44.897
44.897
0.0
12864
8.033573
1
44.37
44.37
0.0
12864
8.033573
1
44.292
44.292
0.0
12864
8.033573
1
44.516
44.516
0.0
12864
8.033573
1
44.268
44.268
0.0
12864
8.033573
1
44.599
44.599
0.0
12864
8.033573
1
44.627
44.627
0.0
12864
8.033573
1
44.342
44.342
0.0
12864
8.033573
1
44.549
44.549
0.0
12864
8.033573
1
44.85
44.85
0.0
