15936
9.952039
1
45.11
45.11
0.0
15936
9.952039
1
44.992
44.992
0.0
15936
9.952039
1
45.343
45.343
0.0
15936
9.952039
1
45.051
45.051
0.0
15936
9.952039
1
45.04
45.04
0.0
15936
9.952039
1
46.328
46.328
0.0
15936
9.952039
1
45.306
45.306
0.0
15936
9.952039
1
44.942
44.942
0.0
15936
9.952039
1
45.122
45.122
0.0
15936
9.952039
1
44.984
44.984
0.0
15936
9.952039
1
45.006
45.006
0.0
15936
9.952039
1
45.056
45.056
0.0
15936
9.952039
1
45.419
45.419
0.0
15936
9.952039
1
45.236
45.236
0.0
15936
9.952039
1
45.128
45.128
0.0
15936
9.952039
1
45.377
45.377
0.0
15936
9.952039
1
45.229
45.229
0.0
15936
9.952039
1
45.199
45.199
0.0
15936
9.952039
1
45.418
45.418
0.0
15936
9.952039
1
45.408
45.408
0.0
