19008
11.870503
6
47.287
47.287
0.0
20928
13.069545
18
50.891
50.891
0.0
16320
10.191847
3
45.884
45.885
2.1794089E-5
16896
10.5515585
4
45.633
45.633
0.0
20736
12.949639
4
46.618
46.618
0.0
15552
9.712231
3
45.621
45.621
0.0
15936
9.952039
6
47.748
47.748
0.0
17280
10.791367
5
46.943
46.943
0.0
19584
12.230216
5
46.216
46.216
0.0
16320
10.191847
5
46.672
46.672
0.0
18240
11.390887
4
46.063
46.063
0.0
18240
11.390887
4
46.062
46.062
0.0
16512
10.31175
4
45.854
45.854
0.0
12864
8.033573
1
44.918
44.918
0.0
21888
13.6690645
4
46.994
46.994
0.0
18048
11.270984
5
46.99
46.99
0.0
17088
10.671463
4
45.958
45.958
0.0
17664
11.031176
4
45.743
45.743
0.0
15744
9.832134
4
45.922
45.922
0.0
17472
10.911271
4
46.116
46.116
0.0
