32064
20.023981
1
48.65
48.65
0.0
32064
20.023981
1
49.017
49.017
0.0
32064
20.023981
1
49.13
49.13
0.0
32064
20.023981
1
48.955
48.955
0.0
32064
20.023981
1
49.092
49.092
0.0
32064
20.023981
1
49.044
49.044
0.0
32064
20.023981
1
48.986
48.986
0.0
32064
20.023981
1
48.589
48.589
0.0
32064
20.023981
1
49.021
49.021
0.0
32064
20.023981
1
48.769
48.769
0.0
32064
20.023981
1
48.938
48.938
0.0
32064
20.023981
1
48.633
48.633
0.0
32064
20.023981
1
48.744
48.744
0.0
32064
20.023981
1
48.798
48.798
0.0
32064
20.023981
1
49.012
49.012
0.0
32064
20.023981
1
48.595
48.595
0.0
32064
20.023981
1
48.928
48.928
0.0
32064
20.023981
1
48.79
48.79
0.0
32064
20.023981
1
49.066
49.066
0.0
32064
20.023981
1
48.952
48.952
0.0
