28800
17.985613
1
48.611
48.611
0.0
28800
17.985613
1
48.713
48.713
0.0
28800
17.985613
1
48.594
48.594
0.0
28800
17.985613
1
48.56
48.56
0.0
28800
17.985613
1
48.541
48.541
0.0
28800
17.985613
1
48.587
48.587
0.0
28800
17.985613
1
48.558
48.558
0.0
28800
17.985613
1
48.636
48.636
0.0
28800
17.985613
1
48.351
48.351
0.0
28800
17.985613
1
48.639
48.639
0.0
28800
17.985613
1
48.618
48.618
0.0
28800
17.985613
1
48.633
48.633
0.0
28800
17.985613
1
48.305
48.305
0.0
28800
17.985613
1
48.582
48.582
0.0
28800
17.985613
1
48.617
48.617
0.0
28800
17.985613
1
48.577
48.577
0.0
28800
17.985613
1
48.632
48.632
0.0
28800
17.985613
1
48.533
48.533
0.0
28800
17.985613
1
48.284
48.284
0.0
28800
17.985613
1
48.603
48.603
0.0
