44352
27.69784
6
51.85
51.85
0.0
44928
28.057554
7
52.846
52.846
0.0
39936
24.940048
5
51.34
51.34
0.0
48192
30.095922
8
53.615
53.615
0.0
43200
26.978418
7
54.219
54.219
0.0
41280
25.779375
4
50.76
50.76
0.0
35712
22.302158
3
49.425
49.425
0.0
42816
26.738607
5
51.672
51.672
0.0
39936
24.940048
8
54.369
54.369
0.0
38976
24.340528
6
51.245
51.245
0.0
40704
25.419664
9
54.014
54.014
0.0
45696
28.537169
6
52.534
52.534
0.0
41472
25.899279
6
51.798
51.798
0.0
37824
23.621103
4
50.114
50.114
0.0
41472
25.899279
7
53.421
53.421
0.0
38400
23.980816
5
51.325
51.325
0.0
39744
24.820145
6
51.393
51.393
0.0
36480
22.781775
4
50.947
50.947
0.0
38592
24.10072
6
52.158
52.158
0.0
40704
25.419664
4
50.721
50.721
0.0
