39360
24.580336
7
50.966
50.966
0.0
41856
26.13909
8
52.671
52.671
0.0
38400
23.980816
7
52.354
52.354
0.0
41856
26.13909
9
53.98
53.98
0.0
43200
26.978418
9
54.076
54.077
1.8492492E-5
46272
28.896883
7
52.728
52.728
0.0
41856
26.13909
7
51.022
51.022
0.0
40320
25.179857
9
53.799
53.799
0.0
45312
28.297361
9
55.152
55.152
0.0
41088
25.659472
5
50.686
50.686
0.0
38784
24.220623
7
51.834
51.834
0.0
41472
25.899279
8
52.746
52.746
0.0
37632
23.5012
7
50.492
50.492
0.0
42816
26.738607
9
54.231
54.231
0.0
43392
27.098322
9
54.291
54.291
0.0
44544
27.817747
7
51.811
51.811
0.0
29952
18.705036
5
48.295
48.295
0.0
40896
25.539568
7
51.213
51.213
0.0
45504
28.417265
5
51.129
51.129
0.0
41088
25.659472
7
51.091
51.091
0.0
