25728
16.067146
2
48.787
48.787
0.0
25536
15.947242
1
47.656
47.656
0.0
25536
15.947242
1
47.512
47.512
0.0
25536
15.947242
1
47.644
47.644
0.0
25536
15.947242
1
47.715
47.715
0.0
25536
15.947242
1
47.64
47.64
0.0
25536
15.947242
1
47.591
47.591
0.0
25536
15.947242
1
47.651
47.651
0.0
25536
15.947242
1
47.547
47.547
0.0
25536
15.947242
1
47.684
47.684
0.0
25536
15.947242
1
47.255
47.255
0.0
25536
15.947242
1
47.741
47.741
0.0
25536
15.947242
1
47.678
47.678
0.0
25536
15.947242
1
47.564
47.564
0.0
25536
15.947242
1
47.475
47.475
0.0
25536
15.947242
1
47.765
47.765
0.0
25536
15.947242
1
47.731
47.731
0.0
25536
15.947242
1
47.632
47.632
0.0
25536
15.947242
1
47.697
47.697
0.0
25536
15.947242
1
47.626
47.626
0.0
