6336
3.9568346
1
43.35
43.35
0.0
6336
3.9568346
1
43.424
43.424
0.0
6336
3.9568346
1
43.184
43.184
0.0
6336
3.9568346
1
43.304
43.304
0.0
6336
3.9568346
1
43.372
43.372
0.0
6336
3.9568346
1
43.128
43.128
0.0
6336
3.9568346
1
43.336
43.336
0.0
6336
3.9568346
1
43.157
43.157
0.0
6336
3.9568346
1
43.261
43.261
0.0
6336
3.9568346
1
43.083
43.083
0.0
6336
3.9568346
1
43.012
43.012
0.0
6336
3.9568346
1
43.354
43.354
0.0
6336
3.9568346
1
43.342
43.342
0.0
6336
3.9568346
1
43.256
43.256
0.0
6336
3.9568346
1
43.384
43.384
0.0
6336
3.9568346
1
43.312
43.312
0.0
6336
3.9568346
1
43.075
43.075
0.0
6528
4.076739
1
46.906
46.906
0.0
6336
3.9568346
1
43.409
43.409
0.0
6336
3.9568346
1
43.029
43.029
0.0
