40896
25.539568
6
51.296
51.296
0.0
44736
27.93765
6
52.591
52.591
0.0
38400
23.980816
1
49.684
49.684
0.0
38592
24.10072
2
50.258
50.258
0.0
38400
23.980816
1
50.069
50.069
0.0
43776
27.338129
7
52.996
52.996
0.0
39936
24.940048
4
51.559
51.559
0.0
45120
28.177458
6
52.692
52.693
1.8978213E-5
38592
24.10072
2
50.298
50.298
0.0
40320
25.179857
5
51.145
51.145
0.0
38400
23.980816
1
49.18
49.18
0.0
44352
27.69784
7
53.381
53.381
0.0
41664
26.019186
9
54.913
54.913
0.0
41472
25.899279
7
53.686
53.687
1.862683E-5
42432
26.4988
4
50.915
50.915
0.0
41472
25.899279
9
55.366
55.366
0.0
41280
25.779375
3
50.514
50.514
0.0
38592
24.10072
2
50.74
50.74
0.0
39168
24.460432
5
56.397
56.397
0.0
45120
28.177458
13
54.672
54.672
0.0
