41088
25.659472
8
52.706
52.706
0.0
41472
25.899279
8
53.919
53.919
0.0
41856
26.13909
8
53.672
53.672
0.0
40704
25.419664
6
50.258
50.258
0.0
43008
26.858515
7
52.836
52.836
0.0
39744
24.820145
5
49.949
49.949
0.0
38400
23.980816
6
51.178
51.178
0.0
39360
24.580336
8
51.583
51.583
0.0
37632
23.5012
6
52.07
52.07
0.0
38208
23.86091
5
49.672
49.672
0.0
36480
22.781775
5
49.652
49.652
0.0
41856
26.13909
5
51.024
51.024
0.0
39552
24.70024
5
50.612
50.612
0.0
40128
25.059954
11
55.24
55.24
0.0
38976
24.340528
4
50.079
50.079
0.0
36480
22.781775
6
49.451
49.451
0.0
37248
23.26139
6
50.113
50.113
0.0
44352
27.69784
7
53.047
53.047
0.0
45120
28.177458
8
53.064
53.064
0.0
36864
23.021584
7
50.998
50.998
0.0
