16704
10.431655
5
46.785
46.785
0.0
17472
10.911271
6
46.987
46.987
0.0
19968
12.470024
6
47.504
47.504
0.0
14976
9.352518
4
45.222
45.222
0.0
18624
11.630695
6
48.082
48.082
0.0
20352
12.709832
5
46.285
46.285
0.0
17472
10.911271
5
45.848
45.848
0.0
14592
9.11271
5
45.317
45.317
0.0
18432
11.510792
5
46.253
46.253
0.0
17088
10.671463
6
46.826
46.826
0.0
18048
11.270984
6
47.001
47.001
0.0
16704
10.431655
7
47.698
47.698
0.0
19392
12.1103115
6
46.412
46.412
0.0
15552
9.712231
4
45.653
45.653
0.0
19392
12.1103115
6
47.494
47.494
0.0
18048
11.270984
6
47.176
47.176
0.0
18816
11.7506
5
46.245
46.245
0.0
18816
11.7506
7
47.846
47.846
0.0
22080
13.788968
5
46.741
46.741
0.0
16896
10.5515585
5
45.627
45.627
0.0
