12864
8.033573
1
44.443
44.443
0.0
12864
8.033573
1
44.669
44.669
0.0
12864
8.033573
1
44.911
44.911
0.0
12864
8.033573
1
44.682
44.682
0.0
12864
8.033573
1
44.406
44.406
0.0
12864
8.033573
1
44.897
44.897
0.0
12864
8.033573
1
44.442
44.442
0.0
12864
8.033573
1
44.464
44.464
0.0
12864
8.033573
1
44.765
44.765
0.0
12864
8.033573
1
44.819
44.819
0.0
12864
8.033573
1
44.665
44.665
0.0
12864
8.033573
1
44.607
44.607
0.0
12864
8.033573
1
44.601
44.601
0.0
12864
8.033573
1
44.426
44.426
0.0
12864
8.033573
1
44.581
44.581
0.0
12864
8.033573
1
44.603
44.603
0.0
12864
8.033573
1
44.443
44.443
0.0
12864
8.033573
1
44.634
44.634
0.0
12864
8.033573
1
44.342
44.342
0.0
12864
8.033573
1
44.586
44.586
0.0
