38400
23.980816
1
50.575
50.575
0.0
38400
23.980816
1
50.228
50.228
0.0
38400
23.980816
1
50.582
50.582
0.0
38400
23.980816
1
50.277
50.277
0.0
38400
23.980816
1
50.307
50.307
0.0
38400
23.980816
1
50.584
50.584
0.0
38400
23.980816
1
50.211
50.211
0.0
38400
23.980816
1
50.22
50.22
0.0
38400
23.980816
1
50.254
50.254
0.0
38400
23.980816
1
50.35
50.35
0.0
38400
23.980816
1
50.187
50.187
0.0
38400
23.980816
1
50.66
50.66
0.0
38400
23.980816
1
50.269
50.269
0.0
38400
23.980816
1
50.245
50.245
0.0
38400
23.980816
1
50.279
50.279
0.0
38400
23.980816
1
50.164
50.164
0.0
38400
23.980816
1
50.168
50.168
0.0
38400
23.980816
1
50.254
50.254
0.0
38400
23.980816
1
50.304
50.304
0.0
38400
23.980816
1
50.299
50.299
0.0
