9600
5.995204
1
46.092
46.092
0.0
9600
5.995204
1
43.755
43.755
0.0
9600
5.995204
1
43.858
43.858
0.0
9600
5.995204
1
44.025
44.025
0.0
9600
5.995204
1
43.72
43.72
0.0
9600
5.995204
1
44.045
44.045
0.0
9600
5.995204
1
43.779
43.779
0.0
9600
5.995204
1
44.006
44.006
0.0
9600
5.995204
1
44.253
44.253
0.0
9600
5.995204
1
43.855
43.855
0.0
9600
5.995204
1
43.817
43.817
0.0
9600
5.995204
1
43.775
43.775
0.0
9600
5.995204
1
43.86
43.86
0.0
9600
5.995204
1
44.015
44.015
0.0
9792
6.115108
1
47.842
47.842
0.0
9600
5.995204
1
43.723
43.723
0.0
9600
5.995204
1
44.077
44.077
0.0
9600
5.995204
1
44.07
44.07
0.0
9600
5.995204
1
43.807
43.807
0.0
9600
5.995204
1
44.067
44.067
0.0
