28800
17.985613
7
50.404
50.404
0.0
24384
15.2278185
4
47.231
47.231
0.0
25344
15.827338
6
48.595
48.595
0.0
25344
15.827338
7
49.535
49.535
0.0
29760
18.585133
6
50.568
50.568
0.0
28416
17.745804
4
48.17
48.17
0.0
28224
17.6259
7
50.221
50.221
0.0
31488
19.664268
6
49.911
49.911
0.0
26688
16.666668
6
49.011
49.011
0.0
26688
16.666668
4
47.733
47.733
0.0
32832
20.503597
5
48.937
48.937
0.0
23808
14.868106
4
46.99
46.99
0.0
28224
17.6259
6
48.991
48.991
0.0
29568
18.465229
4
48.195
48.195
0.0
29952
18.705036
5
48.349
48.349
0.0
24192
15.107913
6
49.234
49.234
0.0
31872
19.904078
20
51.475
51.475
0.0
24576
15.347722
8
51.511
51.511
0.0
26304
16.426859
4
47.529
47.529
0.0
30528
19.064749
5
49.643
49.643
0.0
