9600
5.995204
1
44.178
44.178
0.0
9600
5.995204
1
44.019
44.019
0.0
9600
5.995204
1
44.281
44.281
0.0
9600
5.995204
1
44.278
44.278
0.0
9600
5.995204
1
44.246
44.246
0.0
9600
5.995204
1
44.21
44.21
0.0
9600
5.995204
1
44.262
44.262
0.0
9600
5.995204
1
44.264
44.264
0.0
9792
6.115108
2
44.913
44.913
0.0
9600
5.995204
1
45.357
45.357
0.0
9600
5.995204
1
44.381
44.381
0.0
9600
5.995204
1
43.74
43.74
0.0
9600
5.995204
1
44.018
44.018
0.0
9600
5.995204
1
43.712
43.712
0.0
9600
5.995204
1
44.285
44.285
0.0
9600
5.995204
1
44.345
44.345
0.0
9600
5.995204
1
44.318
44.318
0.0
9600
5.995204
1
43.796
43.796
0.0
9600
5.995204
1
44.196
44.196
0.0
9600
5.995204
1
44.276
44.276
0.0
