3264
2.0383694
1
42.613
42.613
0.0
3264
2.0383694
1
42.773
42.773
0.0
3264
2.0383694
1
42.545
42.545
0.0
3264
2.0383694
1
42.661
42.661
0.0
3264
2.0383694
1
42.587
42.587
0.0
3264
2.0383694
1
42.396
42.396
0.0
3264
2.0383694
1
42.517
42.517
0.0
3264
2.0383694
1
42.287
42.287
0.0
3264
2.0383694
1
42.736
42.736
0.0
3456
2.1582735
2
42.149
42.149
0.0
3264
2.0383694
1
42.469
42.469
0.0
3264
2.0383694
1
42.658
42.658
0.0
3264
2.0383694
1
42.339
42.339
0.0
3264
2.0383694
1
42.752
42.752
0.0
3264
2.0383694
1
42.56
42.56
0.0
3264
2.0383694
1
42.953
42.953
0.0
3264
2.0383694
1
42.546
42.546
0.0
3264
2.0383694
1
42.707
42.707
0.0
3264
2.0383694
1
42.374
42.374
0.0
3264
2.0383694
1
42.574
42.574
0.0
