3264
2.0383694
1
42.51
42.51
0.0
3264
2.0383694
1
42.395
42.395
0.0
3264
2.0383694
1
42.252
42.252
0.0
3264
2.0383694
1
42.411
42.411
0.0
3264
2.0383694
1
42.407
42.407
0.0
3264
2.0383694
1
42.179
42.179
0.0
3264
2.0383694
1
42.408
42.408
0.0
3264
2.0383694
1
42.443
42.443
0.0
3264
2.0383694
1
42.176
42.176
0.0
3264
2.0383694
1
42.417
42.417
0.0
3264
2.0383694
1
42.432
42.432
0.0
3264
2.0383694
1
42.233
42.233
0.0
3264
2.0383694
1
42.4
42.4
0.0
3264
2.0383694
1
42.13
42.13
0.0
3264
2.0383694
1
42.401
42.401
0.0
3264
2.0383694
1
42.399
42.399
0.0
3264
2.0383694
1
42.382
42.382
0.0
3264
2.0383694
1
42.363
42.363
0.0
3264
2.0383694
1
42.382
42.382
0.0
3264
2.0383694
1
42.403
42.403
0.0
