25536
15.947242
1
47.688
47.688
0.0
25536
15.947242
1
47.726
47.726
0.0
25536
15.947242
1
47.671
47.671
0.0
25536
15.947242
1
47.743
47.743
0.0
25536
15.947242
1
47.704
47.704
0.0
25536
15.947242
1
47.761
47.761
0.0
25536
15.947242
1
47.72
47.72
0.0
25536
15.947242
1
47.535
47.535
0.0
25536
15.947242
1
47.484
47.484
0.0
25536
15.947242
1
47.763
47.763
0.0
25536
15.947242
1
47.731
47.731
0.0
25536
15.947242
1
47.671
47.671
0.0
25536
15.947242
1
47.768
47.768
0.0
25536
15.947242
1
47.554
47.554
0.0
25536
15.947242
1
47.697
47.697
0.0
25536
15.947242
1
47.72
47.72
0.0
25536
15.947242
1
47.753
47.753
0.0
25536
15.947242
1
47.704
47.704
0.0
25536
15.947242
1
47.45
47.45
0.0
25536
15.947242
1
47.737
47.737
0.0
