19392
12.1103115
2
46.309
46.309
0.0
19200
11.990408
1
46.289
46.289
0.0
19200
11.990408
1
46.022
46.022
0.0
20160
12.589929
3
46.601
46.601
0.0
19200
11.990408
1
46.295
46.295
0.0
19968
12.470024
3
46.626
46.626
0.0
19200
11.990408
1
45.745
45.745
0.0
19200
11.990408
1
46.02
46.02
0.0
20736
12.949639
6
48.503
48.503
0.0
19200
11.990408
1
46.16
46.16
0.0
19392
12.1103115
2
46.962
46.962
0.0
19776
12.35012
3
46.497
46.497
0.0
19200
11.990408
1
46.002
46.002
0.0
19200
11.990408
1
45.652
45.652
0.0
19200
11.990408
1
45.713
45.713
0.0
19200
11.990408
1
46.085
46.085
0.0
19392
12.1103115
2
47.11
47.11
0.0
19200
11.990408
1
45.79
45.79
0.0
19200
11.990408
1
45.959
45.959
0.0
19200
11.990408
1
45.674
45.674
0.0
