43776
27.338129
8
53.018
53.018
0.0
46464
29.016787
7
52.455
52.455
0.0
38592
24.10072
8
52.759
52.759
0.0
39360
24.580336
8
52.189
52.189
0.0
35328
22.062351
6
49.485
49.485
0.0
38976
24.340528
9
56.39
56.39
0.0
38592
24.10072
7
51.3
51.3
0.0
43200
26.978418
6
51.625
51.625
0.0
34944
21.822542
7
50.062
50.062
0.0
37632
23.5012
7
51.033
51.033
0.0
32832
20.503597
6
49.884
49.884
0.0
36864
23.021584
8
51.652
51.652
0.0
40512
25.29976
9
53.346
53.346
0.0
39168
24.460432
7
52.184
52.184
0.0
38208
23.86091
5
49.628
49.628
0.0
35904
22.422062
9
52.742
52.742
0.0
40320
25.179857
6
50.852
50.852
0.0
38208
23.86091
6
50.167
50.167
0.0
45888
28.657076
6
51.164
51.164
0.0
34368
21.46283
7
50.294
50.294
0.0
