28800
17.985613
1
47.256
47.256
0.0
28800
17.985613
1
47.445
47.445
0.0
28800
17.985613
1
47.849
47.849
0.0
28800
17.985613
1
47.334
47.334
0.0
28800
17.985613
1
47.39
47.39
0.0
28800
17.985613
1
47.574
47.574
0.0
28800
17.985613
1
47.754
47.754
0.0
28800
17.985613
1
47.58
47.58
0.0
28800
17.985613
1
47.544
47.544
0.0
28800
17.985613
1
47.432
47.432
0.0
28800
17.985613
1
47.757
47.757
0.0
28800
17.985613
1
48.164
48.164
0.0
28800
17.985613
1
47.553
47.553
0.0
28800
17.985613
1
47.799
47.799
0.0
28800
17.985613
1
47.689
47.689
0.0
28800
17.985613
1
48.18
48.18
0.0
28800
17.985613
1
47.836
47.836
0.0
28800
17.985613
1
48.045
48.045
0.0
28800
17.985613
1
47.702
47.702
0.0
28800
17.985613
1
47.483
47.483
0.0
