32064
20.023981
1
48.158
48.158
0.0
32064
20.023981
1
48.58
48.58
0.0
32064
20.023981
1
48.17
48.17
0.0
32064
20.023981
1
48.548
48.548
0.0
32064
20.023981
1
47.845
47.845
0.0
32064
20.023981
1
48.009
48.009
0.0
32064
20.023981
1
48.531
48.531
0.0
32064
20.023981
1
47.937
47.937
0.0
32256
20.143885
2
49.136
49.136
0.0
32256
20.143885
2
49.168
49.168
0.0
32256
20.143885
2
49.185
49.185
0.0
32256
20.143885
2
49.474
49.474
0.0
32064
20.023981
1
48.572
48.572
0.0
32448
20.26379
3
50.501
50.501
0.0
32064
20.023981
1
47.973
47.973
0.0
32256
20.143885
2
49.421
49.421
0.0
32256
20.143885
2
49.081
49.081
0.0
32064
20.023981
1
48.61
48.61
0.0
32064
20.023981
1
47.928
47.928
0.0
