36480
22.781775
8
52.775
52.775
0.0
40896
25.539568
8
52.548
52.548
0.0
41088
25.659472
7
51.738
51.738
0.0
38976
24.340528
6
51.308
51.308
0.0
39360
24.580336
6
50.149
50.149
0.0
37440
23.381294
7
50.603
50.603
0.0
42240
26.378897
5
50.471
50.471
0.0
45120
28.177458
6
51.203
51.203
0.0
38976
24.340528
8
52.286
52.286
0.0
41472
25.899279
9
53.237
53.237
0.0
38784
24.220623
6
50.504
50.504
0.0
39360
24.580336
7
51.575
51.575
0.0
33984
21.223022
5
49.444
49.444
0.0
39936
24.940048
8
51.969
51.969
0.0
39744
24.820145
5
50.082
50.082
0.0
38784
24.220623
5
50.263
50.263
0.0
39168
24.460432
5
50.146
50.146
0.0
43392
27.098322
6
51.301
51.301
0.0
40704
25.419664
6
51.242
51.242
0.0
41088
25.659472
7
51.925
51.925
0.0
