38400
23.980816
1
49.949
49.949
0.0
38400
23.980816
1
49.913
49.913
0.0
38400
23.980816
1
49.942
49.942
0.0
38592
24.10072
2
51.152
51.152
0.0
38400
23.980816
1
50.029
50.029
0.0
38400
23.980816
1
49.758
49.758
0.0
38400
23.980816
1
49.948
49.948
0.0
38784
24.220623
3
52.024
52.024
0.0
38400
23.980816
1
50.082
50.082
0.0
38400
23.980816
1
50.009
50.009
0.0
38592
24.10072
2
51.238
51.238
0.0
38400
23.980816
1
50.129
50.129
0.0
38400
23.980816
1
49.526
49.526
0.0
38400
23.980816
1
49.737
49.737
0.0
38592
24.10072
2
51.161
51.161
0.0
38400
23.980816
1
49.977
49.977
0.0
38400
23.980816
1
49.852
49.852
0.0
38400
23.980816
1
50.097
50.097
0.0
38400
23.980816
1
49.98
49.98
0.0
38400
23.980816
1
49.863
49.863
0.0
