9600
5.995204
1
43.635
43.635
0.0
9600
5.995204
1
43.787
43.787
0.0
9600
5.995204
1
43.938
43.938
0.0
9600
5.995204
1
44.375
44.375
0.0
9600
5.995204
1
44.257
44.257
0.0
9600
5.995204
1
43.899
43.899
0.0
9600
5.995204
1
43.985
43.985
0.0
10560
6.594724
3
44.561
44.561
0.0
9600
5.995204
1
43.937
43.937
0.0
9600
5.995204
1
43.958
43.958
0.0
9600
5.995204
1
43.913
43.913
0.0
9600
5.995204
1
43.993
43.993
0.0
9984
6.235012
3
44.37
44.37
0.0
9600
5.995204
1
44.209
44.209
0.0
9600
5.995204
1
44.346
44.346
0.0
9600
5.995204
1
44.15
44.15
0.0
9600
5.995204
1
44.126
44.126
0.0
9600
5.995204
1
44.337
44.337
0.0
9600
5.995204
1
44.024
44.024
0.0
9792
6.115108
2
45.508
45.508
0.0
