19200
11.990408
1
46.325
46.325
0.0
19200
11.990408
1
45.767
45.767
0.0
19200
11.990408
1
46.07
46.07
0.0
19392
12.1103115
2
46.894
46.894
0.0
19200
11.990408
1
45.611
45.611
0.0
19200
11.990408
1
46.134
46.134
0.0
19200
11.990408
1
45.905
45.905
0.0
19200
11.990408
1
45.635
45.635
0.0
19200
11.990408
1
45.622
45.622
0.0
19200
11.990408
1
45.877
45.877
0.0
19200
11.990408
1
45.793
45.793
0.0
19200
11.990408
1
46.076
46.076
0.0
19200
11.990408
1
45.774
45.774
0.0
19200
11.990408
1
45.669
45.669
0.0
19200
11.990408
1
46.094
46.094
0.0
19200
11.990408
1
46.148
46.148
0.0
19200
11.990408
1
46.205
46.205
0.0
19200
11.990408
1
45.865
45.865
0.0
19200
11.990408
1
45.688
45.688
0.0
19200
11.990408
1
46.166
46.166
0.0
