32064
20.023981
1
48.402
48.402
0.0
32064
20.023981
1
48.465
48.465
0.0
32064
20.023981
1
48.563
48.563
0.0
32064
20.023981
1
48.516
48.516
0.0
32064
20.023981
1
48.685
48.685
0.0
32064
20.023981
1
48.277
48.277
0.0
32064
20.023981
1
48.478
48.478
0.0
32256
20.143885
2
49.621
49.621
0.0
32064
20.023981
1
48.277
48.277
0.0
32064
20.023981
1
48.733
48.733
0.0
32064
20.023981
1
48.061
48.061
0.0
32256
20.143885
2
49.733
49.733
0.0
32256
20.143885
2
49.494
49.494
0.0
32256
20.143885
2
49.761
49.761
0.0
32064
20.023981
1
48.459
48.459
0.0
32064
20.023981
1
48.69
48.69
0.0
32064
20.023981
1
48.447
48.447
0.0
32064
20.023981
1
48.804
48.804
0.0
32064
20.023981
1
48.574
48.574
0.0
32064
20.023981
1
48.341
48.341
0.0
