0
0.0
1
41.913
41.913
0.0
0
0.0
1
42.077
42.077
0.0
0
0.0
1
41.928
41.928
0.0
0
0.0
1
42.214
42.214
0.0
0
0.0
1
42.118
42.118
0.0
0
0.0
1
41.907
41.907
0.0
0
0.0
1
42.252
42.252
0.0
0
0.0
1
42.099
42.099
0.0
0
0.0
1
41.987
41.987
0.0
0
0.0
1
41.866
41.866
0.0
0
0.0
1
42.173
42.173
0.0
0
0.0
1
42.105
42.105
0.0
0
0.0
1
42.021
42.021
0.0
0
0.0
1
42.134
42.134
0.0
0
0.0
1
41.897
41.897
0.0
0
0.0
1
42.235
42.235
0.0
0
0.0
1
42.198
42.198
0.0
0
0.0
1
42.179
42.179
0.0
0
0.0
1
42.18
42.18
0.0
0
0.0
1
42.111
42.111
0.0
