38592
24.10072
11
52.315
52.315
0.0
39168
24.460432
5
50.322
50.322
0.0
41856
26.13909
8
54.007
54.007
0.0
45120
28.177458
8
53.273
53.273
0.0
43584
27.218225
6
51.273
51.273
0.0
45504
28.417265
6
51.645
51.645
0.0
38592
24.10072
7
52.189
52.189
0.0
45312
28.297361
16
57.834
57.834
0.0
36480
22.781775
7
51.646
51.646
0.0
38400
23.980816
5
49.768
49.768
0.0
39744
24.820145
8
52.396
52.396
0.0
39936
24.940048
7
52.064
52.064
0.0
37440
23.381294
7
51.056
51.056
0.0
36672
22.901678
6
50.41
50.411
1.9837335E-5
43776
27.338129
8
52.702
52.702
0.0
37632
23.5012
7
51.047
51.047
0.0
40128
25.059954
6
51.187
51.187
0.0
38976
24.340528
7
51.271
51.271
0.0
38400
23.980816
8
51.781
51.781
0.0
47232
29.4964
8
53.778
53.778
0.0
