30336
18.944845
5
48.587
48.587
0.0
30144
18.82494
8
52.039
52.039
0.0
26880
16.786572
6
48.791
48.791
0.0
27840
17.386091
6
48.731
48.731
0.0
32256
20.143885
6
49.961
49.961
0.0
32064
20.023981
5
48.918
48.918
0.0
29760
18.585133
6
49.554
49.554
0.0
31104
19.424461
6
49.973
49.973
0.0
29184
18.22542
6
49.357
49.357
0.0
25344
15.827338
8
49.657
49.658
2.0138148E-5
28992
18.105516
7
50.064
50.064
0.0
25920
16.187052
6
48.564
48.565
2.0591384E-5
29568
18.465229
5
48.664
48.664
0.0
28800
17.985613
6
49.876
49.876
0.0
28800
17.985613
8
51.518
51.518
0.0
27264
17.026379
6
48.009
48.009
0.0
26496
16.546762
6
48.781
48.781
0.0
27840
17.386091
6
49.319
49.319
0.0
26880
16.786572
8
49.959
49.959
0.0
30144
18.82494
5
48.704
48.704
0.0
