38400
23.980816
1
49.411
49.411
0.0
38400
23.980816
1
49.805
49.805
0.0
38400
23.980816
1
51.042
51.042
0.0
38400
23.980816
1
49.273
49.273
0.0
38400
23.980816
1
49.605
49.605
0.0
38400
23.980816
1
49.755
49.755
0.0
38400
23.980816
1
49.22
49.22
0.0
38400
23.980816
1
49.85
49.85
0.0
38400
23.980816
1
49.429
49.429
0.0
38400
23.980816
1
49.711
49.711
0.0
38592
24.10072
2
50.597
50.597
0.0
38400
23.980816
1
49.306
49.306
0.0
38592
24.10072
2
50.763
50.763
0.0
38400
23.980816
1
49.761
49.761
0.0
38400
23.980816
1
49.347
49.347
0.0
38592
24.10072
2
50.406
50.406
0.0
38400
23.980816
1
49.836
49.836
0.0
38400
23.980816
1
49.287
49.287
0.0
38400
23.980816
1
49.417
49.417
0.0
38400
23.980816
1
49.487
49.487
0.0
