29568
18.465229
7
49.253
49.253
0.0
31296
19.544365
6
49.062
49.062
0.0
30336
18.944845
18
50.948
50.948
0.0
35520
22.182255
7
50.188
50.188
0.0
26688
16.666668
7
49.623
49.623
0.0
26688
16.666668
8
50.912
50.912
0.0
29760
18.585133
6
48.444
48.444
0.0
28032
17.505997
6
48.987
48.987
0.0
30720
19.184652
5
48.483
48.483
0.0
26880
16.786572
5
48.081
48.081
0.0
28800
17.985613
6
49.239
49.239
0.0
27264
17.026379
5
47.832
47.832
0.0
31104
19.424461
7
49.556
49.556
0.0
27456
17.146284
5
47.94
47.94
0.0
31296
19.544365
6
49.636
49.636
0.0
29568
18.465229
9
50.654
50.654
0.0
25152
15.707435
6
48.499
48.499
0.0
29760
18.585133
6
49.512
49.512
0.0
26112
16.306955
7
49.374
49.374
0.0
27072
16.906475
8
50.952
50.952
0.0
