16128
10.071942
1
49.245
49.245
0.0
15936
9.952039
1
45.365
45.365
0.0
15936
9.952039
1
45.335
45.335
0.0
15936
9.952039
1
45.291
45.291
0.0
15936
9.952039
1
45.803
45.803
0.0
15936
9.952039
1
45.384
45.384
0.0
15936
9.952039
1
45.15
45.15
0.0
15936
9.952039
1
45.165
45.165
0.0
15936
9.952039
1
45.374
45.374
0.0
15936
9.952039
1
45.319
45.319
0.0
15936
9.952039
1
45.368
45.368
0.0
15936
9.952039
1
45.169
45.169
0.0
15936
9.952039
1
45.286
45.286
0.0
15936
9.952039
1
45.367
45.367
0.0
15936
9.952039
1
45.341
45.341
0.0
15936
9.952039
1
45.349
45.349
0.0
15936
9.952039
1
45.799
45.799
0.0
15936
9.952039
1
45.322
45.322
0.0
15936
9.952039
1
45.395
45.395
0.0
15936
9.952039
1
45.418
45.418
0.0
