15936
9.952039
5
46.765
46.765
0.0
15936
9.952039
4
45.602
45.602
0.0
16704
10.431655
4
45.86
45.86
0.0
16512
10.31175
4
45.662
45.662
0.0
19776
12.35012
5
47.232
47.232
0.0
18240
11.390887
9
47.172
47.172
0.0
17280
10.791367
5
47.795
47.795
0.0
18432
11.510792
4
46.296
46.296
0.0
17472
10.911271
4
45.713
45.713
0.0
18816
11.7506
4
45.682
45.682
0.0
20160
12.589929
4
46.723
46.723
0.0
17280
10.791367
4
46.035
46.035
0.0
19392
12.1103115
7
48.288
48.288
0.0
16704
10.431655
5
46.619
46.619
0.0
16896
10.5515585
4
46.015
46.015
0.0
15168
9.472423
4
45.556
45.556
0.0
19776
12.35012
5
46.458
46.458
0.0
16320
10.191847
4
45.972
45.972
0.0
20352
12.709832
4
46.813
46.813
0.0
16704
10.431655
4
45.906
45.906
0.0
