19200
11.990408
1
46.106
46.107
2.1689151E-5
19200
11.990408
1
46.151
46.151
0.0
19200
11.990408
1
46.074
46.074
0.0
19200
11.990408
1
46.061
46.061
0.0
19200
11.990408
1
45.874
45.874
0.0
19200
11.990408
1
46.109
46.109
0.0
19200
11.990408
1
46.108
46.108
0.0
19200
11.990408
1
46.212
46.212
0.0
19200
11.990408
1
46.213
46.213
0.0
19200
11.990408
1
46.171
46.171
0.0
19200
11.990408
1
45.873
45.873
0.0
19200
11.990408
1
45.926
45.926
0.0
19200
11.990408
1
46.285
46.285
0.0
19200
11.990408
1
46.139
46.139
0.0
19200
11.990408
1
46.145
46.145
0.0
19200
11.990408
1
46.086
46.086
0.0
19200
11.990408
1
46.25
46.25
0.0
19200
11.990408
1
46.103
46.103
0.0
19200
11.990408
1
46.075
46.075
0.0
19200
11.990408
1
46.021
46.021
0.0
