3072
1.9184653
5
43.962
43.962
0.0
2688
1.6786572
3
43.058
43.058
0.0
2304
1.438849
3
42.877
42.877
0.0
1344
0.8393286
3
42.205
42.205
0.0
768
0.4796163
3
42.467
42.467
0.0
2112
1.3189448
3
42.749
42.749
0.0
1344
0.8393286
3
42.608
42.608
0.0
960
0.5995204
3
42.37
42.37
0.0
1344
0.8393286
3
42.48
42.48
0.0
576
0.35971224
3
42.43
42.43
0.0
1536
0.9592326
3
42.646
42.646
0.0
1920
1.1990408
3
42.808
42.808
0.0
1920
1.1990408
4
42.356
42.356
0.0
2112
1.3189448
3
42.842
42.842
0.0
768
0.4796163
3
42.524
42.524
0.0
1920
1.1990408
3
42.648
42.648
0.0
960
0.5995204
3
42.567
42.567
0.0
960
0.5995204
3
42.583
42.583
0.0
1920
1.1990408
3
42.622
42.622
0.0
2112
1.3189448
3
42.859
42.86
2.3332323E-5
