26112
16.306955
6
48.688
48.688
0.0
27072
16.906475
5
48.032
48.032
0.0
29952
18.705036
7
50.322
50.322
0.0
29376
18.345324
7
50.395
50.395
0.0
25536
15.947242
5
48.362
48.362
0.0
31680
19.784174
6
49.574
49.574
0.0
30912
19.304556
7
49.72
49.72
0.0
24384
15.2278185
6
48.344
48.344
0.0
32064
20.023981
5
48.724
48.724
0.0
31488
19.664268
5
49.947
49.947
0.0
28224
17.6259
17
50.29
50.29
0.0
32448
20.26379
6
49.976
49.976
0.0
26688
16.666668
7
49.841
49.841
0.0
30144
18.82494
5
48.678
48.678
0.0
31296
19.544365
4
49.062
49.062
0.0
28800
17.985613
7
49.279
49.279
0.0
29184
18.22542
5
48.269
48.269
0.0
29184
18.22542
5
48.645
48.645
0.0
27456
17.146284
5
47.908
47.908
0.0
30144
18.82494
6
49.644
49.644
0.0
