41664
26.019186
1
50.052
50.052
0.0
41856
26.13909
2
51.338
51.338
0.0
41664
26.019186
1
50.08
50.08
0.0
41664
26.019186
1
50.646
50.646
0.0
41664
26.019186
1
50.483
50.483
0.0
41664
26.019186
1
50.59
50.59
0.0
41664
26.019186
1
50.184
50.184
0.0
41664
26.019186
1
50.369
50.369
0.0
41664
26.019186
1
50.51
50.51
0.0
41664
26.019186
1
50.628
50.628
0.0
41664
26.019186
1
50.621
50.621
0.0
41856
26.13909
2
51.315
51.315
0.0
41664
26.019186
1
50.209
50.209
0.0
41856
26.13909
2
51.461
51.461
0.0
41664
26.019186
1
50.818
50.818
0.0
41664
26.019186
1
50.065
50.065
0.0
41664
26.019186
1
50.282
50.282
0.0
42048
26.258993
3
52.603
52.603
0.0
41664
26.019186
1
50.293
50.293
0.0
42048
26.258993
3
52.479
52.479
0.0
