35136
21.942446
1
49.758
49.758
0.0
35136
21.942446
1
49.66
49.66
0.0
35136
21.942446
1
49.752
49.752
0.0
35136
21.942446
1
49.483
49.483
0.0
35136
21.942446
1
49.769
49.769
0.0
35136
21.942446
1
49.627
49.627
0.0
35136
21.942446
1
49.875
49.875
0.0
35136
21.942446
1
49.816
49.816
0.0
35136
21.942446
1
49.52
49.52
0.0
35136
21.942446
1
49.649
49.649
0.0
35136
21.942446
1
49.919
49.919
0.0
35136
21.942446
1
49.661
49.661
0.0
35136
21.942446
1
49.357
49.357
0.0
35136
21.942446
1
49.652
49.652
0.0
35136
21.942446
1
49.757
49.757
0.0
35136
21.942446
1
49.407
49.407
0.0
35136
21.942446
1
50.003
50.003
0.0
35136
21.942446
1
49.609
49.609
0.0
35136
21.942446
1
49.558
49.558
0.0
35136
21.942446
1
49.684
49.684
0.0
