42432
26.4988
3
51.016
51.016
0.0
42624
26.618704
4
51.351
51.351
0.0
41664
26.019186
1
50.239
50.239
0.0
42048
26.258993
3
52.081
52.081
0.0
41664
26.019186
1
49.911
49.911
0.0
42048
26.258993
3
52.417
52.417
0.0
43200
26.978418
4
51.151
51.151
0.0
41664
26.019186
1
50.781
50.781
0.0
41664
26.019186
1
50.076
50.076
0.0
41664
26.019186
1
50.106
50.106
0.0
41664
26.019186
1
49.935
49.935
0.0
42624
26.618704
4
50.692
50.692
0.0
45312
28.297361
6
51.956
51.956
0.0
44352
27.69784
5
50.962
50.962
0.0
41664
26.019186
1
50.365
50.366
1.9855059E-5
41664
26.019186
1
50.274
50.274
0.0
42048
26.258993
3
50.75
50.75
0.0
42240
26.378897
4
53.072
53.072
0.0
41664
26.019186
1
49.98
49.98
0.0
41856
26.13909
2
51.034
51.034
0.0
