5184
3.2374098
3
43.574
43.574
0.0
7104
4.436451
4
44.021
44.021
0.0
11520
7.194245
4
44.849
44.849
0.0
6336
3.9568346
4
43.88
43.88
0.0
8256
5.155875
4
43.958
43.959
2.2748987E-5
7104
4.436451
4
44.003
44.003
0.0
8448
5.2757792
4
44.17
44.17
0.0
7488
4.676259
4
44.153
44.153
0.0
7488
4.676259
4
43.864
43.864
0.0
7680
4.796163
4
44.047
44.047
0.0
5952
3.7170265
4
43.595
43.595
0.0
7104
4.436451
4
43.766
43.766
0.0
8832
5.515588
4
44.11
44.11
0.0
6720
4.196643
3
43.817
43.817
0.0
10944
6.8345323
4
44.701
44.702
2.2370865E-5
9984
6.235012
4
44.457
44.457
0.0
8064
5.035971
4
43.967
43.967
0.0
5568
3.4772184
4
43.486
43.486
0.0
9600
5.995204
4
44.4
44.4
0.0
6336
3.9568346
4
43.693
43.693
0.0
