38400
23.980816
1
50.115
50.115
0.0
38400
23.980816
1
50.125
50.125
0.0
38400
23.980816
1
50.584
50.584
0.0
38400
23.980816
1
50.255
50.255
0.0
38400
23.980816
1
50.171
50.171
0.0
38400
23.980816
1
50.862
50.862
0.0
38400
23.980816
1
50.436
50.436
0.0
38400
23.980816
1
50.121
50.121
0.0
38400
23.980816
1
50.278
50.278
0.0
38400
23.980816
1
50.04
50.04
0.0
38400
23.980816
1
50.282
50.282
0.0
38400
23.980816
1
50.228
50.228
0.0
38400
23.980816
1
50.193
50.193
0.0
38400
23.980816
1
50.038
50.038
0.0
38400
23.980816
1
50.366
50.366
0.0
38400
23.980816
1
50.381
50.381
0.0
38400
23.980816
1
50.437
50.437
0.0
38400
23.980816
1
50.328
50.328
0.0
38400
23.980816
1
50.515
50.515
0.0
38400
23.980816
1
50.183
50.183
0.0
