39360
24.580336
6
51.387
51.387
0.0
35136
21.942446
11
53.187
53.187
0.0
38208
23.86091
6
51.284
51.284
0.0
42240
26.378897
9
54.884
54.884
0.0
44736
27.93765
5
51.345
51.345
0.0
39936
24.940048
6
51.787
51.787
0.0
41664
26.019186
6
51.363
51.363
0.0
33792
21.103117
6
50.411
50.411
0.0
42624
26.618704
6
51.129
51.129
0.0
36864
23.021584
4
49.683
49.683
0.0
35136
21.942446
7
51.839
51.839
0.0
43776
27.338129
5
51.073
51.073
0.0
42048
26.258993
6
51.736
51.736
0.0
39360
24.580336
7
52.629
52.629
0.0
40896
25.539568
5
50.813
50.813
0.0
40896
25.539568
5
51.512
51.512
0.0
41088
25.659472
7
51.273
51.273
0.0
42816
26.738607
5
51.07
51.07
0.0
44544
27.817747
7
52.525
52.525
0.0
38976
24.340528
5
51.495
51.495
0.0
