35904
22.422062
7
50.78
50.78
0.0
34368
21.46283
6
51.332
51.332
0.0
47040
29.376497
8
53.437
53.437
0.0
33408
20.86331
4
49.493
49.493
0.0
42624
26.618704
5
51.59
51.59
0.0
37632
23.5012
5
50.839
50.839
0.0
36672
22.901678
5
50.915
50.915
0.0
38400
23.980816
4
50.059
50.059
0.0
44160
27.577936
5
51.254
51.254
0.0
47616
29.736212
7
53.854
53.854
0.0
44352
27.69784
7
53.604
53.604
0.0
38976
24.340528
6
50.806
50.806
0.0
38784
24.220623
6
50.86
50.86
0.0
37248
23.26139
5
49.966
49.966
0.0
36672
22.901678
6
51.748
51.748
0.0
41472
25.899279
6
51.335
51.335
0.0
43008
26.858515
6
51.89
51.89
0.0
40704
25.419664
9
54.617
54.617
0.0
38016
23.741007
6
50.51
50.51
0.0
40320
25.179857
4
50.145
50.145
0.0
