35136
21.942446
1
48.891
48.891
0.0
35136
21.942446
1
48.52
48.52
0.0
35328
22.062351
2
52.478
52.478
0.0
35136
21.942446
1
49.367
49.367
0.0
35328
22.062351
2
49.907
49.907
0.0
35136
21.942446
1
48.836
48.836
0.0
35136
21.942446
1
49.099
49.099
0.0
35136
21.942446
1
48.525
48.525
0.0
35520
22.182255
3
51.081
51.081
0.0
35136
21.942446
1
49.32
49.32
0.0
35136
21.942446
1
48.639
48.639
0.0
35136
21.942446
1
49.037
49.037
0.0
35136
21.942446
1
49.222
49.222
0.0
35136
21.942446
1
49.024
49.024
0.0
35136
21.942446
1
48.846
48.846
0.0
35136
21.942446
1
49.022
49.023
2.0399004E-5
35136
21.942446
1
48.65
48.65
0.0
35136
21.942446
1
48.756
48.756
0.0
35136
21.942446
1
48.563
48.563
0.0
35328
22.062351
2
49.879
49.879
0.0
