32064
20.023981
1
49.004
49.004
0.0
32064
20.023981
1
49.293
49.293
0.0
32064
20.023981
1
49.184
49.184
0.0
32064
20.023981
1
48.842
48.842
0.0
32064
20.023981
1
48.789
48.789
0.0
32064
20.023981
1
48.764
48.764
0.0
32064
20.023981
1
48.794
48.794
0.0
32064
20.023981
1
48.852
48.852
0.0
32064
20.023981
1
49.121
49.121
0.0
32064
20.023981
1
49.205
49.205
0.0
32064
20.023981
1
49.179
49.179
0.0
32064
20.023981
1
49.146
49.146
0.0
32064
20.023981
1
49.048
49.048
0.0
32064
20.023981
1
49.329
49.329
0.0
32064
20.023981
1
48.887
48.887
0.0
32064
20.023981
1
49.035
49.035
0.0
32064
20.023981
1
49.131
49.131
0.0
32064
20.023981
1
48.853
48.853
0.0
32064
20.023981
1
48.845
48.845
0.0
32064
20.023981
1
48.815
48.815
0.0
