12864
8.033573
1
44.968
44.968
0.0
12864
8.033573
1
44.949
44.949
0.0
12864
8.033573
1
44.607
44.607
0.0
12864
8.033573
1
44.558
44.558
0.0
12864
8.033573
1
44.692
44.692
0.0
12864
8.033573
1
44.445
44.445
0.0
12864
8.033573
1
44.919
44.919
0.0
12864
8.033573
1
44.628
44.628
0.0
12864
8.033573
1
44.531
44.531
0.0
12864
8.033573
1
44.398
44.398
0.0
12864
8.033573
1
44.591
44.591
0.0
12864
8.033573
1
44.62
44.62
0.0
12864
8.033573
1
44.475
44.475
0.0
12864
8.033573
1
44.389
44.389
0.0
12864
8.033573
1
44.422
44.422
0.0
12864
8.033573
1
45.029
45.029
0.0
12864
8.033573
1
44.553
44.553
0.0
12864
8.033573
1
44.877
44.877
0.0
12864
8.033573
1
44.52
44.52
0.0
12864
8.033573
1
44.6
44.6
0.0
