19200
11.990408
1
46.23
46.23
0.0
19200
11.990408
1
46.074
46.074
0.0
19200
11.990408
1
46.083
46.083
0.0
19200
11.990408
1
46.264
46.264
0.0
19200
11.990408
1
46.193
46.193
0.0
19200
11.990408
1
46.084
46.084
0.0
19200
11.990408
1
46.068
46.068
0.0
19200
11.990408
1
46.077
46.077
0.0
19200
11.990408
1
46.242
46.242
0.0
19200
11.990408
1
46.205
46.205
0.0
19200
11.990408
1
45.943
45.943
0.0
19200
11.990408
1
46.191
46.191
0.0
19200
11.990408
1
46.199
46.199
0.0
19200
11.990408
1
45.912
45.912
0.0
19200
11.990408
1
46.193
46.193
0.0
19200
11.990408
1
46.231
46.231
0.0
19200
11.990408
1
46.242
46.242
0.0
19200
11.990408
1
46.21
46.21
0.0
19200
11.990408
1
46.215
46.215
0.0
19200
11.990408
1
46.261
46.261
0.0
