38400
23.980816
7
51.58
51.58
0.0
39744
24.820145
5
50.024
50.025
1.9990404E-5
43584
27.218225
8
51.816
51.816
0.0
45504
28.417265
7
53.507
53.507
0.0
38592
24.10072
6
50.966
50.966
0.0
40320
25.179857
6
51.544
51.544
0.0
40128
25.059954
6
51.403
51.403
0.0
35136
21.942446
8
51.555
51.555
0.0
41088
25.659472
5
50.803
50.803
0.0
44544
27.817747
7
53.333
53.333
0.0
38016
23.741007
7
51.951
51.951
0.0
35136
21.942446
5
49.673
49.673
0.0
36672
22.901678
7
51.781
51.781
0.0
37824
23.621103
6
50.166
50.166
0.0
41280
25.779375
6
51.638
51.638
0.0
43200
26.978418
5
50.875
50.875
0.0
40128
25.059954
12
56.253
56.253
0.0
44736
27.93765
5
51.101
51.101
0.0
38976
24.340528
5
50.323
50.323
0.0
38592
24.10072
5
49.748
49.748
0.0
