32640
20.383694
5
48.838
48.838
0.0
28416
17.745804
6
49.889
49.889
0.0
28224
17.6259
5
49.147
49.147
0.0
28800
17.985613
5
49.001
49.001
0.0
29760
18.585133
6
50.454
50.454
0.0
28224
17.6259
4
48.275
48.275
0.0
25536
15.947242
1
47.463
47.463
0.0
30336
18.944845
4
48.528
48.528
0.0
29184
18.22542
6
50.191
50.191
0.0
25536
15.947242
1
47.066
47.066
0.0
29184
18.22542
5
49.503
49.503
0.0
25920
16.187052
3
48.495
48.495
0.0
29376
18.345324
4
48.232
48.232
0.0
28224
17.6259
6
49.333
49.333
0.0
34176
21.342926
5
49.839
49.839
0.0
30336
18.944845
6
50.65
50.65
0.0
29760
18.585133
4
48.161
48.161
0.0
26880
16.786572
4
47.449
47.449
0.0
25536
15.947242
1
47.438
47.438
0.0
31488
19.664268
7
51.0
51.0
0.0
