7488
4.676259
3
43.706
43.706
0.0
6336
3.9568346
1
43.446
43.446
0.0
9408
5.8753
4
45.469
45.469
0.0
8256
5.155875
4
44.009
44.009
0.0
10368
6.4748197
5
46.748
46.748
0.0
8064
5.035971
5
45.076
45.076
0.0
9408
5.8753
4
44.165
44.165
0.0
10560
6.594724
4
44.559
44.559
0.0
11712
7.3141484
4
45.748
45.748
0.0
10560
6.594724
4
44.749
44.749
0.0
6336
3.9568346
1
43.395
43.395
0.0
9024
5.635492
3
44.155
44.155
0.0
8832
5.515588
5
45.33
45.33
0.0
8256
5.155875
4
45.281
45.281
0.0
7680
4.796163
3
44.023
44.023
0.0
8256
5.155875
4
44.069
44.069
0.0
6336
3.9568346
1
43.723
43.723
0.0
7296
4.556355
4
43.941
43.941
0.0
7680
4.796163
4
43.931
43.931
0.0
9600
5.995204
4
44.151
44.151
0.0
