41664
26.019186
1
51.015
51.015
0.0
41664
26.019186
1
51.14
51.14
0.0
41664
26.019186
1
50.805
50.805
0.0
41664
26.019186
1
50.949
50.949
0.0
41664
26.019186
1
50.789
50.789
0.0
41664
26.019186
1
50.879
50.879
0.0
41664
26.019186
1
51.136
51.136
0.0
41664
26.019186
1
50.49
50.49
0.0
41664
26.019186
1
50.795
50.795
0.0
41664
26.019186
1
50.979
50.979
0.0
41856
26.13909
2
51.922
51.922
0.0
41664
26.019186
1
50.916
50.916
0.0
41664
26.019186
1
50.815
50.815
0.0
41664
26.019186
1
51.103
51.103
0.0
41664
26.019186
1
50.751
50.751
0.0
41664
26.019186
1
50.899
50.899
0.0
41664
26.019186
1
51.122
51.122
0.0
41664
26.019186
1
50.768
50.768
0.0
41664
26.019186
1
50.796
50.796
0.0
41664
26.019186
1
51.165
51.165
0.0
