32064
20.023981
1
48.768
48.768
0.0
32064
20.023981
1
49.312
49.312
0.0
32064
20.023981
1
48.877
48.877
0.0
32064
20.023981
1
49.122
49.122
0.0
32064
20.023981
1
48.767
48.767
0.0
32064
20.023981
1
48.956
48.956
0.0
32064
20.023981
1
49.248
49.248
0.0
32064
20.023981
1
48.944
48.944
0.0
32064
20.023981
1
49.292
49.292
0.0
32064
20.023981
1
48.875
48.875
0.0
32064
20.023981
1
48.773
48.773
0.0
32064
20.023981
1
49.387
49.387
0.0
32064
20.023981
1
49.362
49.362
0.0
32064
20.023981
1
49.104
49.104
0.0
32064
20.023981
1
49.145
49.145
0.0
32064
20.023981
1
48.865
48.865
0.0
32064
20.023981
1
49.33
49.33
0.0
32064
20.023981
1
49.019
49.019
0.0
32064
20.023981
1
48.852
48.852
0.0
32064
20.023981
1
49.235
49.235
0.0
