25536
15.947242
1
47.742
47.742
0.0
25536
15.947242
1
47.227
47.227
0.0
25536
15.947242
1
47.338
47.338
0.0
25536
15.947242
1
47.325
47.325
0.0
25536
15.947242
1
47.134
47.134
0.0
25536
15.947242
1
47.386
47.386
0.0
25536
15.947242
1
46.863
46.863
0.0
25536
15.947242
1
47.166
47.166
0.0
25536
15.947242
1
47.15
47.15
0.0
25536
15.947242
1
47.154
47.154
0.0
25536
15.947242
1
47.1
47.1
0.0
25536
15.947242
1
46.859
46.859
0.0
25536
15.947242
1
47.252
47.252
0.0
25536
15.947242
1
47.149
47.149
0.0
25536
15.947242
1
47.434
47.434
0.0
25536
15.947242
1
47.148
47.148
0.0
25536
15.947242
1
47.2
47.2
0.0
25536
15.947242
1
47.245
47.245
0.0
25536
15.947242
1
47.43
47.43
0.0
25536
15.947242
1
47.417
47.417
0.0
