11904
7.434053
4
44.675
44.675
0.0
9792
6.115108
4
44.119
44.119
0.0
9024
5.635492
4
44.189
44.189
0.0
9408
5.8753
4
44.422
44.423
2.2511369E-5
8064
5.035971
3
43.979
43.979
0.0
8640
5.3956833
4
43.942
43.942
0.0
9024
5.635492
5
45.077
45.077
0.0
8640
5.3956833
4
44.051
44.051
0.0
7680
4.796163
4
44.056
44.056
0.0
8064
5.035971
4
44.178
44.178
0.0
7104
4.436451
3
44.034
44.034
0.0
8256
5.155875
4
44.035
44.035
0.0
8640
5.3956833
5
45.153
45.153
0.0
8448
5.2757792
4
43.936
43.936
0.0
9024
5.635492
4
44.531
44.531
0.0
10752
6.7146287
5
45.794
45.794
0.0
9024
5.635492
4
44.267
44.267
0.0
7488
4.676259
5
45.05
45.05
0.0
6720
4.196643
3
43.942
43.942
0.0
6528
4.076739
3
43.862
43.862
0.0
