16896
10.5515585
6
46.633
46.633
0.0
19968
12.470024
5
46.298
46.298
0.0
15360
9.592326
4
45.465
45.465
0.0
19200
11.990408
5
47.503
47.503
0.0
19008
11.870503
11
46.965
46.965
0.0
19200
11.990408
5
46.384
46.384
0.0
17856
11.151079
4
45.968
45.968
0.0
19200
11.990408
7
48.103
48.103
0.0
18624
11.630695
4
46.527
46.527
0.0
18624
11.630695
5
46.319
46.319
0.0
16128
10.071942
4
45.476
45.476
0.0
16128
10.071942
6
47.368
47.368
0.0
20544
12.829736
11
49.652
49.652
0.0
18240
11.390887
4
46.118
46.118
0.0
16128
10.071942
4
45.935
45.935
0.0
18048
11.270984
4
47.234
47.234
0.0
17664
11.031176
4
46.252
46.252
0.0
15744
9.832134
4
45.488
45.488
0.0
17472
10.911271
5
45.671
45.672
2.1895732E-5
21120
13.189448
5
46.658
46.658
0.0
