15936
9.952039
1
45.334
45.334
0.0
15936
9.952039
1
45.244
45.244
0.0
15936
9.952039
1
45.655
45.655
0.0
15936
9.952039
1
45.303
45.303
0.0
15936
9.952039
1
45.328
45.328
0.0
15936
9.952039
1
45.256
45.256
0.0
15936
9.952039
1
45.076
45.076
0.0
15936
9.952039
1
45.625
45.625
0.0
15936
9.952039
1
45.133
45.133
0.0
15936
9.952039
1
45.236
45.236
0.0
15936
9.952039
1
45.277
45.277
0.0
15936
9.952039
1
45.231
45.231
0.0
15936
9.952039
1
45.205
45.205
0.0
15936
9.952039
1
45.745
45.745
0.0
15936
9.952039
1
45.136
45.136
0.0
15936
9.952039
1
45.19
45.19
0.0
15936
9.952039
1
45.432
45.432
0.0
15936
9.952039
1
45.677
45.677
0.0
15936
9.952039
1
45.725
45.725
0.0
15936
9.952039
1
45.28
45.28
0.0
