28416
17.745804
5
48.5
48.5
0.0
24576
15.347722
5
47.222
47.222
0.0
24576
15.347722
6
48.463
48.463
0.0
30720
19.184652
5
48.582
48.582
0.0
22080
13.788968
5
47.661
47.661
0.0
25920
16.187052
5
47.649
47.649
0.0
30720
19.184652
4
48.849
48.849
0.0
31488
19.664268
6
49.751
49.751
0.0
32832
20.503597
6
50.088
50.088
0.0
29760
18.585133
5
48.577
48.577
0.0
30528
19.064749
5
49.196
49.196
0.0
27456
17.146284
8
50.881
50.881
0.0
26496
16.546762
7
50.954
50.954
0.0
28224
17.6259
5
47.908
47.908
0.0
27840
17.386091
6
49.175
49.175
0.0
29760
18.585133
5
49.547
49.547
0.0
29952
18.705036
6
50.547
50.547
0.0
32448
20.26379
5
48.951
48.952
2.0428592E-5
26688
16.666668
6
49.775
49.775
0.0
24768
15.467626
6
48.498
48.498
0.0
