27264
17.026379
4
47.807
47.807
0.0
30720
19.184652
5
48.607
48.607
0.0
28224
17.6259
8
51.3
51.3
0.0
30144
18.82494
5
48.532
48.532
0.0
28416
17.745804
7
49.833
49.833
0.0
22848
14.268584
6
49.176
49.176
0.0
26304
16.426859
5
47.476
47.476
0.0
32832
20.503597
13
52.704
52.704
0.0
26880
16.786572
4
47.792
47.792
0.0
28608
17.865707
5
48.207
48.207
0.0
27840
17.386091
9
49.25
49.25
0.0
28032
17.505997
7
50.156
50.156
0.0
28416
17.745804
5
48.246
48.246
0.0
31104
19.424461
5
48.863
48.863
0.0
27840
17.386091
6
49.907
49.907
0.0
25920
16.187052
7
49.868
49.868
0.0
29952
18.705036
7
50.286
50.286
0.0
25536
15.947242
5
48.691
48.691
0.0
28800
17.985613
6
49.07
49.07
0.0
29184
18.22542
5
48.49
48.49
0.0
