41664
26.019186
1
51.153
51.153
0.0
41664
26.019186
1
51.143
51.143
0.0
41664
26.019186
1
50.959
50.959
0.0
41664
26.019186
1
51.009
51.009
0.0
41664
26.019186
1
51.047
51.047
0.0
41664
26.019186
1
51.135
51.135
0.0
41664
26.019186
1
50.963
50.963
0.0
41664
26.019186
1
51.039
51.039
0.0
41664
26.019186
1
51.544
51.544
0.0
41664
26.019186
1
50.936
50.936
0.0
41664
26.019186
1
51.307
51.307
0.0
41664
26.019186
1
51.134
51.134
0.0
41664
26.019186
1
51.051
51.051
0.0
41664
26.019186
1
50.987
50.987
0.0
41664
26.019186
1
50.959
50.959
0.0
41664
26.019186
1
51.004
51.004
0.0
41664
26.019186
1
51.039
51.039
0.0
41664
26.019186
1
50.927
50.927
0.0
41664
26.019186
1
51.04
51.04
0.0
41664
26.019186
1
51.031
51.031
0.0
