38400
23.980816
1
50.099
50.099
0.0
38400
23.980816
1
50.154
50.154
0.0
38400
23.980816
1
50.415
50.415
0.0
38400
23.980816
1
50.137
50.137
0.0
38400
23.980816
1
50.39
50.39
0.0
38400
23.980816
1
50.541
50.541
0.0
38400
23.980816
1
50.355
50.355
0.0
38400
23.980816
1
50.19
50.19
0.0
38400
23.980816
1
50.068
50.068
0.0
38400
23.980816
1
50.051
50.051
0.0
38400
23.980816
1
49.903
49.903
0.0
38400
23.980816
1
50.443
50.443
0.0
38400
23.980816
1
50.28
50.28
0.0
38400
23.980816
1
50.394
50.394
0.0
38400
23.980816
1
50.338
50.338
0.0
38400
23.980816
1
50.419
50.419
0.0
38400
23.980816
1
50.433
50.433
0.0
38400
23.980816
1
50.311
50.311
0.0
38400
23.980816
1
50.171
50.171
0.0
38400
23.980816
1
50.447
50.447
0.0
