25536
15.947242
1
46.883
46.883
0.0
25536
15.947242
1
47.137
47.137
0.0
25536
15.947242
1
47.242
47.242
0.0
25536
15.947242
1
47.236
47.236
0.0
25536
15.947242
1
46.842
46.842
0.0
25536
15.947242
1
46.851
46.851
0.0
25536
15.947242
1
46.782
46.782
0.0
25536
15.947242
1
46.935
46.935
0.0
25536
15.947242
1
46.98
46.98
0.0
25536
15.947242
1
46.982
46.982
0.0
25536
15.947242
1
46.74
46.74
0.0
25536
15.947242
1
47.412
47.412
0.0
25728
16.067146
2
47.955
47.955
0.0
25536
15.947242
1
46.923
46.923
0.0
25536
15.947242
1
46.883
46.883
0.0
25536
15.947242
1
47.123
47.123
0.0
25536
15.947242
1
46.71
46.71
0.0
25536
15.947242
1
47.2
47.2
0.0
25536
15.947242
1
46.931
46.931
0.0
25536
15.947242
1
46.771
46.771
0.0
