31872
19.904078
6
50.003
50.003
0.0
30336
18.944845
5
49.128
49.128
0.0
28800
17.985613
1
47.685
47.685
0.0
28800
17.985613
1
47.973
47.973
0.0
29952
18.705036
4
48.114
48.114
0.0
29376
18.345324
3
48.461
48.461
0.0
30144
18.82494
3
48.644
48.644
0.0
28800
17.985613
1
48.349
48.349
0.0
28992
18.105516
2
48.373
48.373
0.0
28800
17.985613
1
47.769
47.769
0.0
30336
18.944845
5
50.306
50.306
0.0
29376
18.345324
3
48.314
48.314
0.0
28800
17.985613
1
48.017
48.017
0.0
28992
18.105516
2
48.875
48.875
0.0
28800
17.985613
1
47.653
47.653
0.0
28800
17.985613
1
47.639
47.639
0.0
28800
17.985613
1
48.27
48.27
0.0
28800
17.985613
1
48.095
48.095
0.0
28800
17.985613
1
48.007
48.007
0.0
29376
18.345324
3
48.551
48.551
0.0
