0
1
39086
50549
50590
0
1
39086
50549
50590
0
1
39086
50549
50590
0
1
39086
50549
50590
0
1
39086
50549
50590
0
1
39086
50549
50590
0
1
39086
50549
50590
0
1
39086
50549
50590
0
1
39086
50549
50590
0
1
39086
50549
50590
0
1
39086
50549
50590
0
1
39086
50549
50590
0
1
39086
50549
50590
0
1
39086
50549
50590
0
1
39086
50549
50590
0
1
39086
50549
50590
0
1
39086
50549
50590
0
1
39086
50549
50590
0
1
39086
50549
50590
0
1
39086
50549
50590
0
1
39086
50549
50590
0
1
39086
50549
50590
0
1
39086
50549
50590
0
1
39086
50549
50590
