0
1
32191
42675
42714
0
1
32191
42675
42714
0
1
32191
42675
42714
0
1
32191
42675
42714
0
1
32191
42675
42714
0
1
32191
42675
42714
0
1
32191
42675
42714
0
1
32191
42675
42714
0
1
32191
42675
42714
0
1
32191
42675
42714
0
1
32191
42675
42714
0
1
32191
42675
42714
0
1
32191
42675
42714
0
1
32191
42675
42714
0
1
32191
42675
42714
0
1
32191
42675
42714
0
1
32191
42675
42714
0
1
32191
42675
42714
0
1
32191
42675
42714
0
1
32191
42675
42714
0
1
32191
42675
42714
0
1
32191
42675
42714
0
1
32191
42675
42714
0
1
32191
42675
42714
