1404225580848
1404225580849
1404225603641
1404225603697
1404225608670
1404225580848
1404225580849
1404225603641
1404225603697
1404225608670
1404225626624
1404225626625
1404225649457
1404225649509
1404225654485
1404225672524
1404225672525
1404225695749
1404225706693
1404225700776
1404225717671
1404225717671
1404225741382
1404225762978
1404225746409
1404225762978
1404225787169
1404225787226
1404225810526
1404225792197
1404225810525
1404225835040
1404225856823
1404225881770
1404225840068
1404225856823
1404225881822
1404225904263
1404225929756
1404225886798
1404225904262
1404225929808
1404225952700
1404225978620
1404225934784
1404225952699
1404225978672
1404226006009
1404226032337
1404225983648
1404226006008
1404226032394
1404226055203

1404226037365
1404226055202




1404225580848
1404225580849
1404225603641
1404225603697
1404225608670
1404225626624
1404225626625
1404225649457
1404225649509
1404225654485
1404225672524
1404225672525
1404225695749
1404225706693
1404225700776
1404225717671
1404225717671
1404225741382
1404225762978
1404225746409
1404225762978
1404225787169
1404225787226
1404225810526
1404225792197
1404225810525
1404225835040
1404225856823
1404225881770
1404225840068
1404225856823
1404225881822
1404225904263
1404225929756
1404225886798
1404225904262
1404225929808
1404225952700
1404225978620
1404225934784
1404225952699
1404225978672
1404226006009
1404226032337
1404225983648
1404226006008
1404226032394
1404226055203
1404226082088
1404226037365
1404226055202
1404226082138
1404226105295
1404226132597
1404226087116
1404226105294
1404226132647


1404226137625
1404225580848
1404225580849
1404225603641
1404225603697
1404225608670
1404225626624
1404225626625
1404225649457
1404225649509
1404225654485
1404225672524
1404225672525
1404225695749
1404225706693
1404225700776
1404225717671
1404225717671
1404225741382
1404225762978
1404225746409
1404225762978
1404225787169
1404225787226
1404225810526
1404225792197
1404225810525
1404225835040
1404225856823
1404225881770
1404225840068
1404225856823
1404225881822
1404225904263
1404225929756
1404225886798
1404225904262
1404225929808
1404225952700
1404225978620
1404225934784
1404225952699
1404225978672
1404226006009
1404226032337
1404225983648
1404226006008
1404226032394
1404226055203
1404226082088
1404226037365
1404226055202
1404226082138
1404226105295
1404226132597
1404226087116
1404226105294
1404226132647
1404226155777
1404226183478
1404226137625
1404226155776
1404226183527


1404226188506
1404225580848
1404225580849
1404225603641
1404225603697
1404225608670
1404225626624
1404225626625
1404225649457
1404225649509
1404225654485
1404225672524
1404225672525
1404225695749
1404225706693
1404225700776
1404225717671
1404225717671
1404225741382
1404225762978
1404225746409
1404225762978
1404225787169
1404225787226
1404225810526
1404225792197
1404225810525
1404225835040
1404225856823
1404225881770
1404225840068
1404225856823
1404225881822
1404225904263
1404225929756
1404225886798
1404225904262
1404225929808
1404225952700
1404225978620
1404225934784
1404225952699
1404225978672
1404226006009
1404226032337
1404225983648
1404226006008
1404226032394
1404226055203
1404226082088
1404226037365
1404226055202
1404226082138
1404226105295
1404226132597
1404226087116
1404226105294
1404226132647
1404226155777
1404226183478
1404226137625
1404226155776
1404226183527
1404226207210

1404226188506
1404226207209




1404225580848
1404225580849
1404225603641
1404225603697
1404225608670
1404225626624
1404225626625
1404225649457
1404225649509
1404225654485
1404225672524
1404225672525
1404225695749
1404225706693
1404225700776
1404225717671
1404225717671
1404225741382
1404225762978
1404225746409
1404225762978
1404225787169
1404225787226
1404225810526
1404225792197
1404225810525
1404225835040
1404225856823
1404225881770
1404225840068
1404225856823
1404225881822
1404225904263
1404225929756
1404225886798
1404225904262
1404225929808
1404225952700
1404225978620
1404225934784
1404225952699
1404225978672
1404226006009
1404226032337
1404225983648
1404226006008
1404226032394
1404226055203
1404226082088
1404226037365
1404226055202
1404226082138
1404226105295
1404226132597
1404226087116
1404226105294
1404226132647
1404226155777
1404226183478
1404226137625
1404226155776
1404226183527
1404226207210
1404226230047
1404226188506
1404226207209
1404226230129
1404226252396
1404226275242
1404226235074
1404226252395
1404226298432
1404226321748
1404226332628
1404226280270
1404226298431
1404226344484
1404226368229
1404226368282
1404226326776
1404226344483
1404226391444


1404226373257
1404226391444




1404225580848
1404225580849
1404225603641
1404225603697
1404225608670
1404225626624
1404225626625
1404225649457
1404225649509
1404225654485
1404225672524
1404225672525
1404225695749
1404225706693
1404225700776
1404225717671
1404225717671
1404225741382
1404225762978
1404225746409
1404225762978
1404225787169
1404225787226
1404225810526
1404225792197
1404225810525
1404225835040
1404225856823
1404225881770
1404225840068
1404225856823
1404225881822
1404225904263
1404225929756
1404225886798
1404225904262
1404225929808
1404225952700
1404225978620
1404225934784
1404225952699
1404225978672
1404226006009
1404226032337
1404225983648
1404226006008
1404226032394
1404226055203
1404226082088
1404226037365
1404226055202
1404226082138
1404226105295
1404226132597
1404226087116
1404226105294
1404226132647
1404226155777
1404226183478
1404226137625
1404226155776
1404226183527
1404226207210
1404226230047
1404226188506
1404226207209
1404226230129
1404226252396
1404226275242
1404226235074
1404226252395
1404226298432
1404226321748
1404226332628
1404226280270
1404226298431
1404226344484
1404226368229
1404226368282
1404226326776
1404226344483
1404226391444
1404226415611
1404226415655
1404226373257
1404226391444
1404226438317
1404226462964
1404226463018
1404226420639
1404226438316
1404226485742
1404226510733

1404226467993
1404226485741



1404226515761
1404225580848
1404225580849
1404225603641
1404225603697
1404225608670
1404225626624
1404225626625
1404225649457
1404225649509
1404225654485
1404225672524
1404225672525
1404225695749
1404225706693
1404225700776
1404225717671
1404225717671
1404225741382
1404225762978
1404225746409
1404225762978
1404225787169
1404225787226
1404225810526
1404225792197
1404225810525
1404225835040
1404225856823
1404225881770
1404225840068
1404225856823
1404225881822
1404225904263
1404225929756
1404225886798
1404225904262
1404225929808
1404225952700
1404225978620
1404225934784
1404225952699
1404225978672
1404226006009
1404226032337
1404225983648
1404226006008
1404226032394
1404226055203
1404226082088
1404226037365
1404226055202
1404226082138
1404226105295
1404226132597
1404226087116
1404226105294
1404226132647
1404226155777
1404226183478
1404226137625
1404226155776
1404226183527
1404226207210
1404226230047
1404226188506
1404226207209
1404226230129
1404226252396
1404226275242
1404226235074
1404226252395
1404226298432
1404226321748
1404226332628
1404226280270
1404226298431
1404226344484
1404226368229
1404226368282
1404226326776
1404226344483
1404226391444
1404226415611
1404226415655
1404226373257
1404226391444
1404226438317
1404226462964
1404226463018
1404226420639
1404226438316
1404226485742
1404226510733
1404226538485
1404226467993
1404226485741
1404226563988
1404226564042
1404226587147
1404226515761
1404226538484
1404226613148
1404226613197
1404226636405
1404226569016
1404226587147
1404226662874
1404226662925
1404226686054
1404226618176
1404226636404
1404226712965
1404226724016
1404226734308
1404226667901
1404226686054
1404226761679
1404226761732
1404226784899
1404226717993
1404226734308
1404226812746
1404226834225
1404226857101
1404226766707
1404226784898
1404226879853
1404226902779
1404226913210
1404226817774
1404226834224
1404226924213
1404226947581
1404226947634
1404226862130
1404226879852
1404226970733
1404226994579
1404227015979
1404226907807
1404226924212
1404227040287
1404227040336
1404227063494
1404226952609
1404226970732
1404227088073
1404227088121
1404227111133
1404226999607
1404227015978
1404227136266
1404227157820
1404227183375
1404227045315
1404227063493
1404227183426
1404227208491
1404227234236
1404227093101
1404227111132
1404227234280
1404227256777
1404227283239
1404227141293
1404227157820
1404227283289
1404227306654
1404227333478
1404227188403
1404227208490
1404227333533
1404227355807
1404227383069
1404227239263
1404227256777
1404227383120
1404227406769
1404227434535
1404227288267
1404227306653
1404227456149
1404227479098
1404227479150
1404227338506
1404227355806
1404227502133
1404227525030
1404227535479
1404227388096
1404227406768
1404227546322
1404227569640
1404227569691
1404227439563
1404227456148
1404227592879
1404227616663
1404227616707
1404227484127
1404227502132
1404227639855
1404227664047
1404227664101
1404227530058
1404227546321
1404227686543
1404227711042
1404227733328
1404227574668
1404227592879
1404227758407
1404227758462
1404227781460
1404227621691
1404227639854
1404227806951
1404227807004
1404227828893
1404227669079
1404227686542
1404227854820
1404227854872
1404227877696
1404227716068
1404227733328
1404227904128
1404227904183
1404227927475
1404227763434
1404227781459
1404227954249
1404227954303
1404227976951
1404227811980
1404227828892
1404228004237
1404228004287
1404228027181
1404227859849
1404227877696
1404228054857
1404228077810
1404228100640
1404227909156
1404227927474
1404228100689
1404228123005
1404228145862
1404227959277
1404227976950
1404228145907
1404228168725
1404228191963
1404228009265
1404228027180
1404228192014
1404228214744
1404228238431
1404228059883
1404228077809
1404228238477
1404228261556
1404228285707
1404228105667
1404228123004
1404228285756
1404228308044
1404228332621
1404228150890
1404228168725
1404228357389
1404228382216
1404228382277
1404228196991
1404228214743
1404228405823
1404228431294
1404228431339
1404228243459
1404228261555
1404228453601
1404228479498
1404228479544
1404228290735
1404228308043
1404228502163
1404228528550
1404228528601
1404228337648
1404228357389



1404228387249
1404228405822



1404228436322
1404228453600



1404228484525
1404228502162




1404225580848
1404225580849
1404225603641
1404225603697
1404225608670
1404225626624
1404225626625
1404225649457
1404225649509
1404225654485
1404225672524
1404225672525
1404225695749
1404225706693
1404225700776
1404225717671
1404225717671
1404225741382
1404225762978
1404225746409
1404225762978
1404225787169
1404225787226
1404225810526
1404225792197
1404225810525
1404225835040
1404225856823
1404225881770
1404225840068
1404225856823
1404225881822
1404225904263
1404225929756
1404225886798
1404225904262
1404225929808
1404225952700
1404225978620
1404225934784
1404225952699
1404225978672
1404226006009
1404226032337
1404225983648
1404226006008
1404226032394
1404226055203
1404226082088
1404226037365
1404226055202
1404226082138
1404226105295
1404226132597
1404226087116
1404226105294
1404226132647
1404226155777
1404226183478
1404226137625
1404226155776
1404226183527
1404226207210
1404226230047
1404226188506
1404226207209
1404226230129
1404226252396
1404226275242
1404226235074
1404226252395
1404226298432
1404226321748
1404226332628
1404226280270
1404226298431
1404226344484
1404226368229
1404226368282
1404226326776
1404226344483
1404226391444
1404226415611
1404226415655
1404226373257
1404226391444
1404226438317
1404226462964
1404226463018
1404226420639
1404226438316
1404226485742
1404226510733
1404226538485
1404226467993
1404226485741
1404226563988
1404226564042
1404226587147
1404226515761
1404226538484
1404226613148
1404226613197
1404226636405
1404226569016
1404226587147
1404226662874
1404226662925
1404226686054
1404226618176
1404226636404
1404226712965
1404226724016
1404226734308
1404226667901
1404226686054
1404226761679
1404226761732
1404226784899
1404226717993
1404226734308
1404226812746
1404226834225
1404226857101
1404226766707
1404226784898
1404226879853
1404226902779
1404226913210
1404226817774
1404226834224
1404226924213
1404226947581
1404226947634
1404226862130
1404226879852
1404226970733
1404226994579
1404227015979
1404226907807
1404226924212
1404227040287
1404227040336
1404227063494
1404226952609
1404226970732
1404227088073
1404227088121
1404227111133
1404226999607
1404227015978
1404227136266
1404227157820
1404227183375
1404227045315
1404227063493
1404227183426
1404227208491
1404227234236
1404227093101
1404227111132
1404227234280
1404227256777
1404227283239
1404227141293
1404227157820
1404227283289
1404227306654
1404227333478
1404227188403
1404227208490
1404227333533
1404227355807
1404227383069
1404227239263
1404227256777
1404227383120
1404227406769
1404227434535
1404227288267
1404227306653
1404227456149
1404227479098
1404227479150
1404227338506
1404227355806
1404227502133
1404227525030
1404227535479
1404227388096
1404227406768
1404227546322
1404227569640
1404227569691
1404227439563
1404227456148
1404227592879
1404227616663
1404227616707
1404227484127
1404227502132
1404227639855
1404227664047
1404227664101
1404227530058
1404227546321
1404227686543
1404227711042
1404227733328
1404227574668
1404227592879
1404227758407
1404227758462
1404227781460
1404227621691
1404227639854
1404227806951
1404227807004
1404227828893
1404227669079
1404227686542
1404227854820
1404227854872
1404227877696
1404227716068
1404227733328
1404227904128
1404227904183
1404227927475
1404227763434
1404227781459
1404227954249
1404227954303
1404227976951
1404227811980
1404227828892
1404228004237
1404228004287
1404228027181
1404227859849
1404227877696
1404228054857
1404228077810
1404228100640
1404227909156
1404227927474
1404228100689
1404228123005
1404228145862
1404227959277
1404227976950
1404228145907
1404228168725
1404228191963
1404228009265
1404228027180
1404228192014
1404228214744
1404228238431
1404228059883
1404228077809
1404228238477
1404228261556
1404228285707
1404228105667
1404228123004
1404228285756
1404228308044
1404228332621
1404228150890
1404228168725
1404228357389
1404228382216
1404228382277
1404228196991
1404228214743
1404228405823
1404228431294
1404228431339
1404228243459
1404228261555
1404228453601
1404228479498
1404228479544
1404228290735
1404228308043
1404228502163
1404228528550
1404228528601
1404228337648
1404228357389
1404228551113
1404228577969
1404228578027
1404228387249
1404228405822
1404228600516


1404228436322
1404228453600



1404228484525
1404228502162



1404228533578
1404228551112



1404228582996
1404228600515




1404225580848
1404225580849
1404225603641
1404225603697
1404225608670
1404225626624
1404225626625
1404225649457
1404225649509
1404225654485
1404225672524
1404225672525
1404225695749
1404225706693
1404225700776
1404225717671
1404225717671
1404225741382
1404225762978
1404225746409
1404225762978
1404225787169
1404225787226
1404225810526
1404225792197
1404225810525
1404225835040
1404225856823
1404225881770
1404225840068
1404225856823
1404225881822
1404225904263
1404225929756
1404225886798
1404225904262
1404225929808
1404225952700
1404225978620
1404225934784
1404225952699
1404225978672
1404226006009
1404226032337
1404225983648
1404226006008
1404226032394
1404226055203
1404226082088
1404226037365
1404226055202
1404226082138
1404226105295
1404226132597
1404226087116
1404226105294
1404226132647
1404226155777
1404226183478
1404226137625
1404226155776
1404226183527
1404226207210
1404226230047
1404226188506
1404226207209
1404226230129
1404226252396
1404226275242
1404226235074
1404226252395
1404226298432
1404226321748
1404226332628
1404226280270
1404226298431
1404226344484
1404226368229
1404226368282
1404226326776
1404226344483
1404226391444
1404226415611
1404226415655
1404226373257
1404226391444
1404226438317
1404226462964
1404226463018
1404226420639
1404226438316
1404226485742
1404226510733
1404226538485
1404226467993
1404226485741
1404226563988
1404226564042
1404226587147
1404226515761
1404226538484
1404226613148
1404226613197
1404226636405
1404226569016
1404226587147
1404226662874
1404226662925
1404226686054
1404226618176
1404226636404
1404226712965
1404226724016
1404226734308
1404226667901
1404226686054
1404226761679
1404226761732
1404226784899
1404226717993
1404226734308
1404226812746
1404226834225
1404226857101
1404226766707
1404226784898
1404226879853
1404226902779
1404226913210
1404226817774
1404226834224
1404226924213
1404226947581
1404226947634
1404226862130
1404226879852
1404226970733
1404226994579
1404227015979
1404226907807
1404226924212
1404227040287
1404227040336
1404227063494
1404226952609
1404226970732
1404227088073
1404227088121
1404227111133
1404226999607
1404227015978
1404227136266
1404227157820
1404227183375
1404227045315
1404227063493
1404227183426
1404227208491
1404227234236
1404227093101
1404227111132
1404227234280
1404227256777
1404227283239
1404227141293
1404227157820
1404227283289
1404227306654
1404227333478
1404227188403
1404227208490
1404227333533
1404227355807
1404227383069
1404227239263
1404227256777
1404227383120
1404227406769
1404227434535
1404227288267
1404227306653
1404227456149
1404227479098
1404227479150
1404227338506
1404227355806
1404227502133
1404227525030
1404227535479
1404227388096
1404227406768
1404227546322
1404227569640
1404227569691
1404227439563
1404227456148
1404227592879
1404227616663
1404227616707
1404227484127
1404227502132
1404227639855
1404227664047
1404227664101
1404227530058
1404227546321
1404227686543
1404227711042
1404227733328
1404227574668
1404227592879
1404227758407
1404227758462
1404227781460
1404227621691
1404227639854
1404227806951
1404227807004
1404227828893
1404227669079
1404227686542
1404227854820
1404227854872
1404227877696
1404227716068
1404227733328
1404227904128
1404227904183
1404227927475
1404227763434
1404227781459
1404227954249
1404227954303
1404227976951
1404227811980
1404227828892
1404228004237
1404228004287
1404228027181
1404227859849
1404227877696
1404228054857
1404228077810
1404228100640
1404227909156
1404227927474
1404228100689
1404228123005
1404228145862
1404227959277
1404227976950
1404228145907
1404228168725
1404228191963
1404228009265
1404228027180
1404228192014
1404228214744
1404228238431
1404228059883
1404228077809
1404228238477
1404228261556
1404228285707
1404228105667
1404228123004
1404228285756
1404228308044
1404228332621
1404228150890
1404228168725
1404228357389
1404228382216
1404228382277
1404228196991
1404228214743
1404228405823
1404228431294
1404228431339
1404228243459
1404228261555
1404228453601
1404228479498
1404228479544
1404228290735
1404228308043
1404228502163
1404228528550
1404228528601
1404228337648
1404228357389
1404228551113
1404228577969
1404228578027
1404228387249
1404228405822
1404228600516
1404228627688
1404228650105
1404228436322
1404228453600
1404228677791
1404228700477
1404228728503
1404228484525
1404228502162
1404228739299
1404228749903
1404228773017
1404228533578
1404228551112
1404228783832
1404228794359
1404228817563
1404228582996
1404228600515
1404228840033


1404228632715
1404228650105



1404228682819
1404228700477



1404228733529
1404228749902



1404228778045
1404228794358



1404228822590
1404228840032




1404225580848
1404225580849
1404225603641
1404225603697
1404225608670
1404225626624
1404225626625
1404225649457
1404225649509
1404225654485
1404225672524
1404225672525
1404225695749
1404225706693
1404225700776
1404225717671
1404225717671
1404225741382
1404225762978
1404225746409
1404225762978
1404225787169
1404225787226
1404225810526
1404225792197
1404225810525
1404225835040
1404225856823
1404225881770
1404225840068
1404225856823
1404225881822
1404225904263
1404225929756
1404225886798
1404225904262
1404225929808
1404225952700
1404225978620
1404225934784
1404225952699
1404225978672
1404226006009
1404226032337
1404225983648
1404226006008
1404226032394
1404226055203
1404226082088
1404226037365
1404226055202
1404226082138
1404226105295
1404226132597
1404226087116
1404226105294
1404226132647
1404226155777
1404226183478
1404226137625
1404226155776
1404226183527
1404226207210
1404226230047
1404226188506
1404226207209
1404226230129
1404226252396
1404226275242
1404226235074
1404226252395
1404226298432
1404226321748
1404226332628
1404226280270
1404226298431
1404226344484
1404226368229
1404226368282
1404226326776
1404226344483
1404226391444
1404226415611
1404226415655
1404226373257
1404226391444
1404226438317
1404226462964
1404226463018
1404226420639
1404226438316
1404226485742
1404226510733
1404226538485
1404226467993
1404226485741
1404226563988
1404226564042
1404226587147
1404226515761
1404226538484
1404226613148
1404226613197
1404226636405
1404226569016
1404226587147
1404226662874
1404226662925
1404226686054
1404226618176
1404226636404
1404226712965
1404226724016
1404226734308
1404226667901
1404226686054
1404226761679
1404226761732
1404226784899
1404226717993
1404226734308
1404226812746
1404226834225
1404226857101
1404226766707
1404226784898
1404226879853
1404226902779
1404226913210
1404226817774
1404226834224
1404226924213
1404226947581
1404226947634
1404226862130
1404226879852
1404226970733
1404226994579
1404227015979
1404226907807
1404226924212
1404227040287
1404227040336
1404227063494
1404226952609
1404226970732
1404227088073
1404227088121
1404227111133
1404226999607
1404227015978
1404227136266
1404227157820
1404227183375
1404227045315
1404227063493
1404227183426
1404227208491
1404227234236
1404227093101
1404227111132
1404227234280
1404227256777
1404227283239
1404227141293
1404227157820
1404227283289
1404227306654
1404227333478
1404227188403
1404227208490
1404227333533
1404227355807
1404227383069
1404227239263
1404227256777
1404227383120
1404227406769
1404227434535
1404227288267
1404227306653
1404227456149
1404227479098
1404227479150
1404227338506
1404227355806
1404227502133
1404227525030
1404227535479
1404227388096
1404227406768
1404227546322
1404227569640
1404227569691
1404227439563
1404227456148
1404227592879
1404227616663
1404227616707
1404227484127
1404227502132
1404227639855
1404227664047
1404227664101
1404227530058
1404227546321
1404227686543
1404227711042
1404227733328
1404227574668
1404227592879
1404227758407
1404227758462
1404227781460
1404227621691
1404227639854
1404227806951
1404227807004
1404227828893
1404227669079
1404227686542
1404227854820
1404227854872
1404227877696
1404227716068
1404227733328
1404227904128
1404227904183
1404227927475
1404227763434
1404227781459
1404227954249
1404227954303
1404227976951
1404227811980
1404227828892
1404228004237
1404228004287
1404228027181
1404227859849
1404227877696
1404228054857
1404228077810
1404228100640
1404227909156
1404227927474
1404228100689
1404228123005
1404228145862
1404227959277
1404227976950
1404228145907
1404228168725
1404228191963
1404228009265
1404228027180
1404228192014
1404228214744
1404228238431
1404228059883
1404228077809
1404228238477
1404228261556
1404228285707
1404228105667
1404228123004
1404228285756
1404228308044
1404228332621
1404228150890
1404228168725
1404228357389
1404228382216
1404228382277
1404228196991
1404228214743
1404228405823
1404228431294
1404228431339
1404228243459
1404228261555
1404228453601
1404228479498
1404228479544
1404228290735
1404228308043
1404228502163
1404228528550
1404228528601
1404228337648
1404228357389
1404228551113
1404228577969
1404228578027
1404228387249
1404228405822
1404228600516
1404228627688
1404228650105
1404228436322
1404228453600
1404228677791
1404228700477
1404228728503
1404228484525
1404228502162
1404228739299
1404228749903
1404228773017
1404228533578
1404228551112
1404228783832
1404228794359
1404228817563
1404228582996
1404228600515
1404228840033
1404228863702
1404228886199
1404228632715
1404228650105



1404228682819
1404228700477



1404228733529
1404228749902



1404228778045
1404228794358



1404228822590
1404228840032



1404228868731
1404228886198




1404225580848
1404225580849
1404225603641
1404225603697
1404225608670
1404225626624
1404225626625
1404225649457
1404225649509
1404225654485
1404225672524
1404225672525
1404225695749
1404225706693
1404225700776
1404225717671
1404225717671
1404225741382
1404225762978
1404225746409
1404225762978
1404225787169
1404225787226
1404225810526
1404225792197
1404225810525
1404225835040
1404225856823
1404225881770
1404225840068
1404225856823
1404225881822
1404225904263
1404225929756
1404225886798
1404225904262
1404225929808
1404225952700
1404225978620
1404225934784
1404225952699
1404225978672
1404226006009
1404226032337
1404225983648
1404226006008
1404226032394
1404226055203
1404226082088
1404226037365
1404226055202
1404226082138
1404226105295
1404226132597
1404226087116
1404226105294
1404226132647
1404226155777
1404226183478
1404226137625
1404226155776
1404226183527
1404226207210
1404226230047
1404226188506
1404226207209
1404226230129
1404226252396
1404226275242
1404226235074
1404226252395
1404226298432
1404226321748
1404226332628
1404226280270
1404226298431
1404226344484
1404226368229
1404226368282
1404226326776
1404226344483
1404226391444
1404226415611
1404226415655
1404226373257
1404226391444
1404226438317
1404226462964
1404226463018
1404226420639
1404226438316
1404226485742
1404226510733
1404226538485
1404226467993
1404226485741
1404226563988
1404226564042
1404226587147
1404226515761
1404226538484
1404226613148
1404226613197
1404226636405
1404226569016
1404226587147
1404226662874
1404226662925
1404226686054
1404226618176
1404226636404
1404226712965
1404226724016
1404226734308
1404226667901
1404226686054
1404226761679
1404226761732
1404226784899
1404226717993
1404226734308
1404226812746
1404226834225
1404226857101
1404226766707
1404226784898
1404226879853
1404226902779
1404226913210
1404226817774
1404226834224
1404226924213
1404226947581
1404226947634
1404226862130
1404226879852
1404226970733
1404226994579
1404227015979
1404226907807
1404226924212
1404227040287
1404227040336
1404227063494
1404226952609
1404226970732
1404227088073
1404227088121
1404227111133
1404226999607
1404227015978
1404227136266
1404227157820
1404227183375
1404227045315
1404227063493
1404227183426
1404227208491
1404227234236
1404227093101
1404227111132
1404227234280
1404227256777
1404227283239
1404227141293
1404227157820
1404227283289
1404227306654
1404227333478
1404227188403
1404227208490
1404227333533
1404227355807
1404227383069
1404227239263
1404227256777
1404227383120
1404227406769
1404227434535
1404227288267
1404227306653
1404227456149
1404227479098
1404227479150
1404227338506
1404227355806
1404227502133
1404227525030
1404227535479
1404227388096
1404227406768
1404227546322
1404227569640
1404227569691
1404227439563
1404227456148
1404227592879
1404227616663
1404227616707
1404227484127
1404227502132
1404227639855
1404227664047
1404227664101
1404227530058
1404227546321
1404227686543
1404227711042
1404227733328
1404227574668
1404227592879
1404227758407
1404227758462
1404227781460
1404227621691
1404227639854
1404227806951
1404227807004
1404227828893
1404227669079
1404227686542
1404227854820
1404227854872
1404227877696
1404227716068
1404227733328
1404227904128
1404227904183
1404227927475
1404227763434
1404227781459
1404227954249
1404227954303
1404227976951
1404227811980
1404227828892
1404228004237
1404228004287
1404228027181
1404227859849
1404227877696
1404228054857
1404228077810
1404228100640
1404227909156
1404227927474
1404228100689
1404228123005
1404228145862
1404227959277
1404227976950
1404228145907
1404228168725
1404228191963
1404228009265
1404228027180
1404228192014
1404228214744
1404228238431
1404228059883
1404228077809
1404228238477
1404228261556
1404228285707
1404228105667
1404228123004
1404228285756
1404228308044
1404228332621
1404228150890
1404228168725
1404228357389
1404228382216
1404228382277
1404228196991
1404228214743
1404228405823
1404228431294
1404228431339
1404228243459
1404228261555
1404228453601
1404228479498
1404228479544
1404228290735
1404228308043
1404228502163
1404228528550
1404228528601
1404228337648
1404228357389
1404228551113
1404228577969
1404228578027
1404228387249
1404228405822
1404228600516
1404228627688
1404228650105
1404228436322
1404228453600
1404228677791
1404228700477
1404228728503
1404228484525
1404228502162
1404228739299
1404228749903
1404228773017
1404228533578
1404228551112
1404228783832
1404228794359
1404228817563
1404228582996
1404228600515
1404228840033
1404228863702
1404228886199
1404228632715
1404228650105
1404228910246
1404228931905
1404228956455
1404228682819
1404228700477



1404228733529
1404228749902



1404228778045
1404228794358



1404228822590
1404228840032



1404228868731
1404228886198



1404228915274
1404228931905



1404228961483
1404270188724
1404270188725
1404270211554
1404270211596
1404270216581
1404270233507
1404270233507
1404270256345
1404270256399
1404270261373
1404270279185
1404270279186
1404270302443
1404270302494
1404270307472
1404270325249
1404270325250
1404270348877
1404270348933
1404270353905
1404270371553
1404270371554
1404270395737
1404270407285
1404270400763
1404270417532
1404270417533
1404270442119
1404270442173
1404270447146
1404270465353
1404270465353
1404270490370
1404270490418
1404270495398
1404270513319
1404270513320
1404270538817
1404270538876
1404270543845
1404270561625
1404270561626
1404270587477
1404270587538
1404270592505
1404270610173
1404270610174
1404270636567
1404270636611
1404270641594
1404270659142
1404270659143
1404270686096
1404270686148
1404270691124
1404270708944
1404270708945
1404270736286
1404270759077
1404270741314
1404270759076
1404270786763
1404270786816

1404270791791
1404270188724
1404270188725
1404270211554
1404270211596
1404270216581
1404270233507
1404270233507
1404270256345
1404270256399
1404270261373
1404270279185
1404270279186
1404270302443
1404270302494
1404270307472
1404270325249
1404270325250
1404270348877
1404270348933
1404270353905
1404270371553
1404270371554
1404270395737
1404270407285
1404270400763
1404270417532
1404270417533
1404270442119
1404270442173
1404270447146
1404270465353
1404270465353
1404270490370
1404270490418
1404270495398
1404270513319
1404270513320
1404270538817
1404270538876
1404270543845
1404270561625
1404270561626
1404270587477
1404270587538
1404270592505
1404270610173
1404270610174
1404270636567
1404270636611
1404270641594
1404270659142
1404270659143
1404270686096
1404270686148
1404270691124
1404270708944
1404270708945
1404270736286
1404270759077
1404270741314
1404270759076
1404270786763
1404270786816
1404270822420
1404270791791
1404270822419
1404270850438
1404270865558
1404270872153
1404270855465
1404270872152
1404270895168
1404270905944
1404270916423
1404270900195
1404270916423
1404270939664
1404270950459
1404270961207
1404270944691
1404270961206
1404270984914
1404270995995
1404271006301
1404270989941
1404271006300
1404271030521
1404271041718
1404271052089
1404271035549
1404271052088
1404271076718
1404271088268
1404271098397
1404271081746
1404271098397
1404271123363
1404271135383
1404271145118
1404271128390
1404271145117
1404271170622
1404271182624
1404271192815
1404271175650
1404271192814
1404271218728
1404271231925
1404271241323
1404271223755
1404271241322
1404271267690
1404271279925
1404271289665
1404271272718
1404271289664
1404271316468
1404271327418
1404271338119
1404271321496
1404271338118
1404271365329
1404271377597
1404271387217
1404271370359
1404271387216
1404271414924
1404271426122

1404271419952
1404270188724
1404270188725
1404270211554
1404270211596
1404270216581
1404270233507
1404270233507
1404270256345
1404270256399
1404270261373
1404270279185
1404270279186
1404270302443
1404270302494
1404270307472
1404270325249
1404270325250
1404270348877
1404270348933
1404270353905
1404270371553
1404270371554
1404270395737
1404270407285
1404270400763
1404270417532
1404270417533
1404270442119
1404270442173
1404270447146
1404270465353
1404270465353
1404270490370
1404270490418
1404270495398
1404270513319
1404270513320
1404270538817
1404270538876
1404270543845
1404270561625
1404270561626
1404270587477
1404270587538
1404270592505
1404270610173
1404270610174
1404270636567
1404270636611
1404270641594
1404270659142
1404270659143
1404270686096
1404270686148
1404270691124
1404270708944
1404270708945
1404270736286
1404270759077
1404270741314
1404270759076
1404270786763
1404270786816
1404270822420
1404270791791
1404270822419
1404270850438
1404270865558
1404270872153
1404270855465
1404270872152
1404270895168
1404270905944
1404270916423
1404270900195
1404270916423
1404270939664
1404270950459
1404270961207
1404270944691
1404270961206
1404270984914
1404270995995
1404271006301
1404270989941
1404271006300
1404271030521
1404271041718
1404271052089
1404271035549
1404271052088
1404271076718
1404271088268
1404271098397
1404271081746
1404271098397
1404271123363
1404271135383
1404271145118
1404271128390
1404271145117
1404271170622
1404271182624
1404271192815
1404271175650
1404271192814
1404271218728
1404271231925
1404271241323
1404271223755
1404271241322
1404271267690
1404271279925
1404271289665
1404271272718
1404271289664
1404271316468
1404271327418
1404271338119
1404271321496
1404271338118
1404271365329
1404271377597
1404271387217
1404271370359
1404271387216
1404271414924
1404271426122
1404271448342
1404271419952
1404271448341
1404271482123
1404271492824
1404271503411
1404271487150
1404271503410
1404271537581
1404271548361
1404271558686
1404271542608
1404271558686
1404271587784
1404271598473
1404271608875
1404271592810
1404271608874
1404271632862
1404271643694
1404271654221
1404271637891
1404271654220
1404271690485
1404271701614
1404271711941
1404271698416
1404271711940
1404271736552
1404271747630
1404271757920
1404271741580
1404271757919
1404271782954
1404271794615
1404271804707
1404271787982
1404271804706
1404271830255
1404271842031
1404271852231
1404271835283
1404271852230
1404271878183
1404271889848
1404271899693
1404271883210
1404271899692
1404271926053
1404271938072
1404271947943
1404271931081
1404271947942
1404271974774
1404271986571
1404271996402
1404271979801
1404271996402
1404272023558
1404272035718
1404272045296
1404272028586
1404272045295
1404272073027


1404272078055
1404270188724
1404270188725
1404270211554
1404270211596
1404270216581
1404270233507
1404270233507
1404270256345
1404270256399
1404270261373
1404270279185
1404270279186
1404270302443
1404270302494
1404270307472
1404270325249
1404270325250
1404270348877
1404270348933
1404270353905
1404270371553
1404270371554
1404270395737
1404270407285
1404270400763
1404270417532
1404270417533
1404270442119
1404270442173
1404270447146
1404270465353
1404270465353
1404270490370
1404270490418
1404270495398
1404270513319
1404270513320
1404270538817
1404270538876
1404270543845
1404270561625
1404270561626
1404270587477
1404270587538
1404270592505
1404270610173
1404270610174
1404270636567
1404270636611
1404270641594
1404270659142
1404270659143
1404270686096
1404270686148
1404270691124
1404270708944
1404270708945
1404270736286
1404270759077
1404270741314
1404270759076
1404270786763
1404270786816
1404270822420
1404270791791
1404270822419
1404270850438
1404270865558
1404270872153
1404270855465
1404270872152
1404270895168
1404270905944
1404270916423
1404270900195
1404270916423
1404270939664
1404270950459
1404270961207
1404270944691
1404270961206
1404270984914
1404270995995
1404271006301
1404270989941
1404271006300
1404271030521
1404271041718
1404271052089
1404271035549
1404271052088
1404271076718
1404271088268
1404271098397
1404271081746
1404271098397
1404271123363
1404271135383
1404271145118
1404271128390
1404271145117
1404271170622
1404271182624
1404271192815
1404271175650
1404271192814
1404271218728
1404271231925
1404271241323
1404271223755
1404271241322
1404271267690
1404271279925
1404271289665
1404271272718
1404271289664
1404271316468
1404271327418
1404271338119
1404271321496
1404271338118
1404271365329
1404271377597
1404271387217
1404271370359
1404271387216
1404271414924
1404271426122
1404271448342
1404271419952
1404271448341
1404271482123
1404271492824
1404271503411
1404271487150
1404271503410
1404271537581
1404271548361
1404271558686
1404271542608
1404271558686
1404271587784
1404271598473
1404271608875
1404271592810
1404271608874
1404271632862
1404271643694
1404271654221
1404271637891
1404271654220
1404271690485
1404271701614
1404271711941
1404271698416
1404271711940
1404271736552
1404271747630
1404271757920
1404271741580
1404271757919
1404271782954
1404271794615
1404271804707
1404271787982
1404271804706
1404271830255
1404271842031
1404271852231
1404271835283
1404271852230
1404271878183
1404271889848
1404271899693
1404271883210
1404271899692
1404271926053
1404271938072
1404271947943
1404271931081
1404271947942
1404271974774
1404271986571
1404271996402
1404271979801
1404271996402
1404272023558
1404272035718
1404272045296
1404272028586
1404272045295
1404272073027
1404272085005
1404272107286
1404272078055
1404272107286
1404272142598
1404272153390
1404272163661
1404272147625
1404272163660
1404272204296
1404272215287
1404272225466
1404272209324
1404272225465
1404272272271
1404272283191
1404272293675
1404272280261
1404272293675
1404272328908
1404272339605
1404272349965
1404272333935
1404272349964
1404272385070
1404272395979
1404272406135
1404272390098
1404272406134
1404272436436
1404272447247
1404272457721
1404272441462
1404272457720
1404272483232
1404272494293
1404272504338
1404272488259
1404272504337
1404272529827
1404272540865
1404272551232
1404272534855
1404272551231
1404272577152
1404272588248
1404272598476
1404272582180
1404272598475
1404272624836
1404272635868
1404272646260
1404272629864
1404272646259
1404272673156
1404272684409
1404272694753
1404272678184
1404272694752
1404272722071
1404272733638
1404272743440
1404272727099
1404272743440
1404272771181


1404272776208
1404270188724
1404270188725
1404270211554
1404270211596
1404270216581
1404270233507
1404270233507
1404270256345
1404270256399
1404270261373
1404270279185
1404270279186
1404270302443
1404270302494
1404270307472
1404270325249
1404270325250
1404270348877
1404270348933
1404270353905
1404270371553
1404270371554
1404270395737
1404270407285
1404270400763
1404270417532
1404270417533
1404270442119
1404270442173
1404270447146
1404270465353
1404270465353
1404270490370
1404270490418
1404270495398
1404270513319
1404270513320
1404270538817
1404270538876
1404270543845
1404270561625
1404270561626
1404270587477
1404270587538
1404270592505
1404270610173
1404270610174
1404270636567
1404270636611
1404270641594
1404270659142
1404270659143
1404270686096
1404270686148
1404270691124
1404270708944
1404270708945
1404270736286
1404270759077
1404270741314
1404270759076
1404270786763
1404270786816
1404270822420
1404270791791
1404270822419
1404270850438
1404270865558
1404270872153
1404270855465
1404270872152
1404270895168
1404270905944
1404270916423
1404270900195
1404270916423
1404270939664
1404270950459
1404270961207
1404270944691
1404270961206
1404270984914
1404270995995
1404271006301
1404270989941
1404271006300
1404271030521
1404271041718
1404271052089
1404271035549
1404271052088
1404271076718
1404271088268
1404271098397
1404271081746
1404271098397
1404271123363
1404271135383
1404271145118
1404271128390
1404271145117
1404271170622
1404271182624
1404271192815
1404271175650
1404271192814
1404271218728
1404271231925
1404271241323
1404271223755
1404271241322
1404271267690
1404271279925
1404271289665
1404271272718
1404271289664
1404271316468
1404271327418
1404271338119
1404271321496
1404271338118
1404271365329
1404271377597
1404271387217
1404271370359
1404271387216
1404271414924
1404271426122
1404271448342
1404271419952
1404271448341
1404271482123
1404271492824
1404271503411
1404271487150
1404271503410
1404271537581
1404271548361
1404271558686
1404271542608
1404271558686
1404271587784
1404271598473
1404271608875
1404271592810
1404271608874
1404271632862
1404271643694
1404271654221
1404271637891
1404271654220
1404271690485
1404271701614
1404271711941
1404271698416
1404271711940
1404271736552
1404271747630
1404271757920
1404271741580
1404271757919
1404271782954
1404271794615
1404271804707
1404271787982
1404271804706
1404271830255
1404271842031
1404271852231
1404271835283
1404271852230
1404271878183
1404271889848
1404271899693
1404271883210
1404271899692
1404271926053
1404271938072
1404271947943
1404271931081
1404271947942
1404271974774
1404271986571
1404271996402
1404271979801
1404271996402
1404272023558
1404272035718
1404272045296
1404272028586
1404272045295
1404272073027
1404272085005
1404272107286
1404272078055
1404272107286
1404272142598
1404272153390
1404272163661
1404272147625
1404272163660
1404272204296
1404272215287
1404272225466
1404272209324
1404272225465
1404272272271
1404272283191
1404272293675
1404272280261
1404272293675
1404272328908
1404272339605
1404272349965
1404272333935
1404272349964
1404272385070
1404272395979
1404272406135
1404272390098
1404272406134
1404272436436
1404272447247
1404272457721
1404272441462
1404272457720
1404272483232
1404272494293
1404272504338
1404272488259
1404272504337
1404272529827
1404272540865
1404272551232
1404272534855
1404272551231
1404272577152
1404272588248
1404272598476
1404272582180
1404272598475
1404272624836
1404272635868
1404272646260
1404272629864
1404272646259
1404272673156
1404272684409
1404272694753
1404272678184
1404272694752
1404272722071
1404272733638
1404272743440
1404272727099
1404272743440
1404272771181
1404272783038
1404272807078
1404272776208
1404272807077
1404272874037
1404272884626
1404272895413
1404272879065
1404272895412
1404272952223
1404272963224
1404272973512
1404272957252
1404272973511
1404273014951
1404273025702
1404273036287
1404273019979
1404273036286
1404273087749
1404273098150
1404273108716
1404273092777
1404273108715
1404273159941
1404273170490
1404273181423
1404273164968
1404273181422
1404273223406
1404273234124
1404273244595
1404273228433
1404273244594
1404273281317
1404273292421
1404273302380
1404273286345
1404273302379
1404273344705
1404273355293
1404273365985
1404273349732
1404273365984
1404273402932
1404273413667
1404273424128
1404273407960
1404273424127
1404273462857
1404273473957
1404273484155
1404273470541
1404273484155
1404273511001
1404273521918
1404273532589
1404273516028
1404273532588
1404273559856
1404273571007
1404273581494
1404273564884
1404273581493
1404273609145
1404273619829

1404273614173
1404270188724
1404270188725
1404270211554
1404270211596
1404270216581
1404270233507
1404270233507
1404270256345
1404270256399
1404270261373
1404270279185
1404270279186
1404270302443
1404270302494
1404270307472
1404270325249
1404270325250
1404270348877
1404270348933
1404270353905
1404270371553
1404270371554
1404270395737
1404270407285
1404270400763
1404270417532
1404270417533
1404270442119
1404270442173
1404270447146
1404270465353
1404270465353
1404270490370
1404270490418
1404270495398
1404270513319
1404270513320
1404270538817
1404270538876
1404270543845
1404270561625
1404270561626
1404270587477
1404270587538
1404270592505
1404270610173
1404270610174
1404270636567
1404270636611
1404270641594
1404270659142
1404270659143
1404270686096
1404270686148
1404270691124
1404270708944
1404270708945
1404270736286
1404270759077
1404270741314
1404270759076
1404270786763
1404270786816
1404270822420
1404270791791
1404270822419
1404270850438
1404270865558
1404270872153
1404270855465
1404270872152
1404270895168
1404270905944
1404270916423
1404270900195
1404270916423
1404270939664
1404270950459
1404270961207
1404270944691
1404270961206
1404270984914
1404270995995
1404271006301
1404270989941
1404271006300
1404271030521
1404271041718
1404271052089
1404271035549
1404271052088
1404271076718
1404271088268
1404271098397
1404271081746
1404271098397
1404271123363
1404271135383
1404271145118
1404271128390
1404271145117
1404271170622
1404271182624
1404271192815
1404271175650
1404271192814
1404271218728
1404271231925
1404271241323
1404271223755
1404271241322
1404271267690
1404271279925
1404271289665
1404271272718
1404271289664
1404271316468
1404271327418
1404271338119
1404271321496
1404271338118
1404271365329
1404271377597
1404271387217
1404271370359
1404271387216
1404271414924
1404271426122
1404271448342
1404271419952
1404271448341
1404271482123
1404271492824
1404271503411
1404271487150
1404271503410
1404271537581
1404271548361
1404271558686
1404271542608
1404271558686
1404271587784
1404271598473
1404271608875
1404271592810
1404271608874
1404271632862
1404271643694
1404271654221
1404271637891
1404271654220
1404271690485
1404271701614
1404271711941
1404271698416
1404271711940
1404271736552
1404271747630
1404271757920
1404271741580
1404271757919
1404271782954
1404271794615
1404271804707
1404271787982
1404271804706
1404271830255
1404271842031
1404271852231
1404271835283
1404271852230
1404271878183
1404271889848
1404271899693
1404271883210
1404271899692
1404271926053
1404271938072
1404271947943
1404271931081
1404271947942
1404271974774
1404271986571
1404271996402
1404271979801
1404271996402
1404272023558
1404272035718
1404272045296
1404272028586
1404272045295
1404272073027
1404272085005
1404272107286
1404272078055
1404272107286
1404272142598
1404272153390
1404272163661
1404272147625
1404272163660
1404272204296
1404272215287
1404272225466
1404272209324
1404272225465
1404272272271
1404272283191
1404272293675
1404272280261
1404272293675
1404272328908
1404272339605
1404272349965
1404272333935
1404272349964
1404272385070
1404272395979
1404272406135
1404272390098
1404272406134
1404272436436
1404272447247
1404272457721
1404272441462
1404272457720
1404272483232
1404272494293
1404272504338
1404272488259
1404272504337
1404272529827
1404272540865
1404272551232
1404272534855
1404272551231
1404272577152
1404272588248
1404272598476
1404272582180
1404272598475
1404272624836
1404272635868
1404272646260
1404272629864
1404272646259
1404272673156
1404272684409
1404272694753
1404272678184
1404272694752
1404272722071
1404272733638
1404272743440
1404272727099
1404272743440
1404272771181
1404272783038
1404272807078
1404272776208
1404272807077
1404272874037
1404272884626
1404272895413
1404272879065
1404272895412
1404272952223
1404272963224
1404272973512
1404272957252
1404272973511
1404273014951
1404273025702
1404273036287
1404273019979
1404273036286
1404273087749
1404273098150
1404273108716
1404273092777
1404273108715
1404273159941
1404273170490
1404273181423
1404273164968
1404273181422
1404273223406
1404273234124
1404273244595
1404273228433
1404273244594
1404273281317
1404273292421
1404273302380
1404273286345
1404273302379
1404273344705
1404273355293
1404273365985
1404273349732
1404273365984
1404273402932
1404273413667
1404273424128
1404273407960
1404273424127
1404273462857
1404273473957
1404273484155
1404273470541
1404273484155
1404273511001
1404273521918
1404273532589
1404273516028
1404273532588
1404273559856
1404273571007
1404273581494
1404273564884
1404273581493
1404273609145
1404273619829
1404273646942
1404273614173
1404273646941
1404273705332
1404273727654
1404273797668
1404273710360
1404273727653
1404273808390
1404273819342
1404273863277
1404273805298
1404273819341
1404273885624
1404273955588
1404273966561
1404273868305
1404273885623
1404273977110
1404274035595
1404274046061
1404273963357
1404273977110
1404274056815
1404274099922
1404274110692
1404274040622
1404274056814
1404274121094
1404274172006
1404274182762
1404274104948
1404274121093
1404274193593
1404274262062
1404274272695
1404274179115
1404274193592
1404274283303
1404274326648
1404274348895
1404274267091
1404274283303
1404274387285
1404274397984
1404274408339
1404274331676
1404274348894
1404274461531
1404274472243
1404274482910
1404274392312
1404274408339
1404274521644
1404274532234
1404274543031
1404274466558
1404274482909
1404274571028
1404274581689

1404274526672
1404274543030



1404274576057
