0
1
37043
48808
48846
0
1
37043
48808
48846
0
1
37043
48808
48846
0
1
37043
48808
48846
0
1
37043
48808
48846
0
1
37043
48808
48846
0
1
37043
48808
48846
0
1
37043
48808
48846
0
1
37043
48808
48846
0
1
37043
48808
48846
0
1
37043
48808
48846
0
1
37043
48808
48846
0
1
37043
48808
48846
0
1
37043
48808
48846
0
1
37043
48808
48846
0
1
37043
48808
48846
0
1
37043
48808
48846
0
1
37043
48808
48846
0
1
37043
48808
48846
0
1
37043
48808
48846
0
1
37043
48808
48846
0
1
37043
48808
48846
0
1
37043
48808
48846
0
1
37043
48808
48846
