0
1
33508
43958
43996
0
1
33508
43958
43996
0
1
33508
43958
43996
0
1
33508
43958
43996
0
1
33508
43958
43996
0
1
33508
43958
43996
0
1
33508
43958
43996
0
1
33508
43958
43996
0
1
33508
43958
43996
0
1
33508
43958
43996
0
1
33508
43958
43996
0
1
33508
43958
43996
0
1
33508
43958
43996
0
1
33508
43958
43996
0
1
33508
43958
43996
0
1
33508
43958
43996
0
1
33508
43958
43996
0
1
33508
43958
43996
0
1
33508
43958
43996
0
1
33508
43958
43996
0
1
33508
43958
43996
0
1
33508
43958
43996
0
1
33508
43958
43996
0
1
33508
43958
43996
