0
1
31982
41837
41956
0
1
31982
41837
41956
0
1
31982
41837
41956
0
1
31982
41837
41956
0
1
31982
41837
41956
0
1
31982
41837
41956
0
1
31982
41837
41956
0
1
31982
41837
41956
0
1
31982
41837
41956
0
1
31982
41837
41956
0
1
31982
41837
41956
0
1
31982
41837
41956
0
1
31982
41837
41956
0
1
31982
41837
41956
0
1
31982
41837
41956
0
1
31982
41837
41956
0
1
31982
41837
41956
0
1
31982
41837
41956
0
1
31982
41837
41956
0
1
31982
41837
41956
0
1
31982
41837
41956
0
1
31982
41837
41956
0
1
31982
41837
41956
0
1
31982
41837
41956
