0
0
35315
45766
45805
0
0
35315
45766
45805
0
0
35315
45766
45805
0
0
35315
45766
45805
0
0
35315
45766
45805
0
0
35315
45766
45805
0
0
35315
45766
45805
0
0
35315
45766
45805
0
0
35315
45766
45805
0
0
35315
45766
45805
0
0
35315
45766
45805
0
0
35315
45766
45805
0
0
35315
45766
45805
0
0
35315
45766
45805
0
0
35315
45766
45805
0
0
35315
45766
45805
0
0
35315
45766
45805
0
0
35315
45766
45805
0
0
35315
45766
45805
0
0
35315
45766
45805
0
0
35315
45766
45805
0
0
35315
45766
45805
0
0
35315
45766
45805
0
0
35315
45766
45805
