0
1
36587
47760
47799
0
1
36587
47760
47799
0
1
36587
47760
47799
0
1
36587
47760
47799
0
1
36587
47760
47799
0
1
36587
47760
47799
0
1
36587
47760
47799
0
1
36587
47760
47799
0
1
36587
47760
47799
0
1
36587
47760
47799
0
1
36587
47760
47799
0
1
36587
47760
47799
0
1
36587
47760
47799
0
1
36587
47760
47799
0
1
36587
47760
47799
0
1
36587
47760
47799
0
1
36587
47760
47799
0
1
36587
47760
47799
0
1
36587
47760
47799
0
1
36587
47760
47799
0
1
36587
47760
47799
0
1
36587
47760
47799
0
1
36587
47760
47799
0
1
36587
47760
47799
