0
1
34700
45259
45297
0
1
34700
45259
45297
0
1
34700
45259
45297
0
1
34700
45259
45297
0
1
34700
45259
45297
0
1
34700
45259
45297
0
1
34700
45259
45297
0
1
34700
45259
45297
0
1
34700
45259
45297
0
1
34700
45259
45297
0
1
34700
45259
45297
0
1
34700
45259
45297
0
1
34700
45259
45297
0
1
34700
45259
45297
0
1
34700
45259
45297
0
1
34700
45259
45297
0
1
34700
45259
45297
0
1
34700
45259
45297
0
1
34700
45259
45297
0
1
34700
45259
45297
0
1
34700
45259
45297
0
1
34700
45259
45297
0
1
34700
45259
45297
0
1
34700
45259
45297
