0
1
32706
43288
43327
0
1
32706
43288
43327
0
1
32706
43288
43327
0
1
32706
43288
43327
0
1
32706
43288
43327
0
1
32706
43288
43327
0
1
32706
43288
43327
0
1
32706
43288
43327
0
1
32706
43288
43327
0
1
32706
43288
43327
0
1
32706
43288
43327
0
1
32706
43288
43327
0
1
32706
43288
43327
0
1
32706
43288
43327
0
1
32706
43288
43327
0
1
32706
43288
43327
0
1
32706
43288
43327
0
1
32706
43288
43327
0
1
32706
43288
43327
0
1
32706
43288
43327
0
1
32706
43288
43327
0
1
32706
43288
43327
0
1
32706
43288
43327
0
1
32706
43288
43327
