0
1
38427
49775
49814
0
1
38427
49775
49814
0
1
38427
49775
49814
0
1
38427
49775
49814
0
1
38427
49775
49814
0
1
38427
49775
49814
0
1
38427
49775
49814
0
1
38427
49775
49814
0
1
38427
49775
49814
0
1
38427
49775
49814
0
1
38427
49775
49814
0
1
38427
49775
49814
0
1
38427
49775
49814
0
1
38427
49775
49814
0
1
38427
49775
49814
0
1
38427
49775
49814
0
1
38427
49775
49814
0
1
38427
49775
49814
0
1
38427
49775
49814
0
1
38427
49775
49814
0
1
38427
49775
49814
0
1
38427
49775
49814
0
1
38427
49775
49814
0
1
38427
49775
49814
