0
1
39729
51103
51143
0
1
39729
51103
51143
0
1
39729
51103
51143
0
1
39729
51103
51143
0
1
39729
51103
51143
0
1
39729
51103
51143
0
1
39729
51103
51143
0
1
39729
51103
51143
0
1
39729
51103
51143
0
1
39729
51103
51143
0
1
39729
51103
51143
0
1
39729
51103
51143
0
1
39729
51103
51143
0
1
39729
51103
51143
0
1
39729
51103
51143
0
1
39729
51103
51143
0
1
39729
51103
51143
0
1
39729
51103
51143
0
1
39729
51103
51143
0
1
39729
51103
51143
0
1
39729
51103
51143
0
1
39729
51103
51143
0
1
39729
51103
51143
0
1
39729
51103
51143
