0
1
34114
44905
44944
0
1
34114
44905
44944
0
1
34114
44905
44944
0
1
34114
44905
44944
0
1
34114
44905
44944
0
1
34114
44905
44944
0
1
34114
44905
44944
0
1
34114
44905
44944
0
1
34114
44905
44944
0
1
34114
44905
44944
0
1
34114
44905
44944
0
1
34114
44905
44944
0
1
34114
44905
44944
0
1
34114
44905
44944
0
1
34114
44905
44944
0
1
34114
44905
44944
0
1
34114
44905
44944
0
1
34114
44905
44944
0
1
34114
44905
44944
0
1
34114
44905
44944
0
1
34114
44905
44944
0
1
34114
44905
44944
0
1
34114
44905
44944
0
1
34114
44905
44944
