0
1
37736
48771
48809
0
1
37736
48771
48809
0
1
37736
48771
48809
0
1
37736
48771
48809
0
1
37736
48771
48809
0
1
37736
48771
48809
0
1
37736
48771
48809
0
1
37736
48771
48809
0
1
37736
48771
48809
0
1
37736
48771
48809
0
1
37736
48771
48809
0
1
37736
48771
48809
0
1
37736
48771
48809
0
1
37736
48771
48809
0
1
37736
48771
48809
0
1
37736
48771
48809
0
1
37736
48771
48809
0
1
37736
48771
48809
0
1
37736
48771
48809
0
1
37736
48771
48809
0
1
37736
48771
48809
0
1
37736
48771
48809
0
1
37736
48771
48809
0
1
37736
48771
48809
