1403090678596
1403090678597
1403090720151
1403090730534
1403090735574
1403090755030
1403090755031
1403090787180
1403090797132
1403090802173
1403090821544
1403090821544
1403090854240
1403090864410
1403090869450
1403090889179
1403090889180
1403090922441
1403090932884
1403090937923
1403090957354
1403090957355
1403090991434
1403091002141
1403091007180
1403091025786
1403091025787
1403091060411
1403091071251
1403091076290
1403091094928
1403091094929
1403091130270
1403091140862
1403091145901
1403091164769
1403091164769
1403091201360
1403091212200
1403091217239
1403091235718
1403091235719
1403091272942
1403091283895
1403091288936
1403091307373
1403091307374
1403091345235
1403091356384
1403091361424
1403091379492
1403091379492
1403091418029
1403091429030
1403091434071
1403091452502
1403091452502
1403091491578
1403091502924
1403091507965
1403091526091
1403091526092
1403091565895
1403091577570
1403091582609
1403102747214
1403102788893
1403102799569
1403102885562
1403102927230
1403102936935
1403103030685
1403103072323
1403103082604
1403166011260
1403166066287
1403166076552
1403166118822
1403166159037
1403166169283
1403180672762
1403180714281
1403180724496
1403180749649
1403180781894
1403180791704
1403180816382
1403180849178
1403180859403
1403180883651
1403180917149
1403180927671
1403180951534
1403180985611
1403180996347
1403181020095
1403181054815
1403181065841
1403181089373
1403181124700
1403181135280
1403181159052
1403181195566
1403181206278
1403181229598
1403181266764
1403181277898
1403181301281
1403181339111
1403181350388
1403181373436
1403181411914
1403181423291
1403181446490
1403181485570
1403181497094
1403181520015
1403181559802
1403181571179
1403181593895
1403181635526
1403181645536
1403181670207
1403181702350
1403181712432
1403181737109
1403181769885
1403181780091
1403181804618
1403181838064
1403181848741
1403181871872
1403181905764
1403181916834
1403181939876
1403181974532
1403181985852
1403182008746
1403182043831
1403182054975
1403182077451
1403182113856
1403182124712
1403182148066
1403182185026
1403182196404
1403182219016
1403182256668
1403182268627
1403182290480
1403182328695
1403182340285
1403182362363
1403182401168
1403182412557
1403182435162
1403182474688
1403182486483
1403182509550
1403182551083
1403182561538
1403182585420
1403182617492
1403182627491
1403182651435
1403182684126
1403182694656
1403182747815
1403182789403
1403182799448
1403182823457
1403182855548
1403182865440
1403182889986
1403182922712
1403182933210
1403182956962
1403182990300
1403183000977
1403183024489
1403183058462
1403183069223
1403183092667
1403183127228
1403183138221
1403183161426
1403183196592
1403183207423
1403183231042
1403183267354
1403183278917
1403183301925
1403183338884
1403183350301
1403183373750
1403183411526
1403183422969
1403183445477
1403183483776
1403183495301
1403183517511
1403183556492
1403183568355
1403183590442
1403183629981
1403183642373
1403183665087
1403183706508
1403183717321
1403183741370
1403183773298
1403183784013
1403183807161
1403183839708
1403183850461
1403183874267
1403183907438
1403183918226
1403183941239
1403183975041
1403183985640
1403184009694
1403184044106
1403184055531
1403184079402
1403184114443
1403184126077
1403184149356
1403184185730
1403184197437
1403184219822
1403184256833
1403184268305
1403184290630
1403184328223
1403184340072
1403184362780
1403184400951
1403184412283
1403184435147
1403184474047
1403184485497
1403184507815
1403184547244
1403184559489
1403184583845
1403184625752
1403184636820
1403184659644
1403184691944
1403184702381
1403184725711
1403184758385
1403184768969
1403184792621
1403184825941
1403184836588
1403184859702
1403184893617
1403184904077
1403184928062
1403184962605
1403184973498
1403184996362
1403185031437
1403185042761
1403185065496
1403185101925
1403185113182
1403185135874
1403185172852
1403185184679
1403185206735
1403185244469
1403185255951
1403185278292
1403185316593
1403185327768
1403185350347
1403185389314
1403185400852
1403185423072
1403185462589
1403185474368
1403185496682
1403185538364
1403185548778
1403185572762
1403185604867
1403185615390
1403185638335
1403185671011
1403185681763
1403185704994
1403185738310
1403185748928
1403185772141
1403185806074
1403185816597
1403185840056
1403185874554
1403185885523
1403185908142
1403185943381
1403185954359
1403185977233
1403186013686
1403186024816
1403186047517
1403186084528
1403186095764
1403186118451
1403186156147
1403186167430
1403186190170
1403186228406
1403186239998
1403186263114
1403186301947
1403186313794
1403186336709
1403186376142
1403186388677
1403186410534
1403186473981
1403186484653
1403186507713
1403186551036
1403186561307
1403186585365
1403186628253
1403186638513
1403186662783
1403186711301
1403186722230
1403186746370
1403186780399
1403186790691
1403186814650
1403186849326
1403186860073
1403186883519
1403186918793
1403186929595
1403186953137
1403186989683
1403187000468
1403187023470
1403187060428
1403187072059
1403187095871
1403187133636
1403187144557
1403187167761
1403187206136
1403187217465
1403187240667
1403187279637
1403187290837
1403187313973
1403187353795
1403187364874
1403187388336
1403187446711
1403187456676
1403187481451
1403187529920
1403187539949
1403187563593
1403187606793
1403187617253
1403187641461
1403187675339
1403187685087
1403187709636
1403187743600
1403187753972
1403187778102
1403187812731
1403187823097
1403187846995
1403187882255
1403187892757
1403187916592
1403187953096
1403187963671
1403187987604
1403188024803
1403188035403
1403188059554
1403188097421
1403188108257
1403188132147
1403188170626
1403188181315
1403188205368
1403188244442
1403188255511
1403188278771
1403188318456
1403188329396
1403188353061
1403188408610
1403188418814
1403188443232
1403188513383
1403188523284
1403188547791
1403188597786
1403188608137
1403188631925
1403188681886
1403188692059
1403188716178
1403188775753
1403188786040
1403188810308
1403188876279
1403188886522
1403188910991
1403188946404
1403188956573
1403188981013
1403189017607
1403189027948
1403189052070
1403189089262
1403189099723
1403189124226
1403189162032
1403189172970
1403189196599
1403189235027
1403189245382
1403189269600
1403189308762
1403189319235
1403189343433
1403189383149
1403189393876
1403189417977
1403189473318
1403189483461
1403189507891
1403189557444
1403189567593
1403189592006
1403189674635
1403189684925
1403189712179
1403189775125
1403189785380
1403189812535
1403189890512
1403189900300
1403189927757
1403189987585
1403189997785
1403190021543
1403190057274
1403190067214
1403190091327
1403190127817
1403190138683
1403190161487
1403190198639
1403190209455
1403190232918
1403190283045
1403190293504
1403190320568
1403190359002
1403190369645
1403190393820
1403190432881
1403190443482
1403190466938
1403190506631
1403190517432
1403190541227
1403190592677
1403190603071
1403190627168
1403190683899
1403190694259
1403190717968
1403190817758
1403190828181
1403190854961
1403190926792
1403190936864
1403190960997
1403191018559
1403191028797
1403191052878
1403191124704
1403191134807
1403191158597
1403191215288
1403191225866
1403191249848
1403191296962
1403191307439
1403191331288
1403191368644
1403191379013
1403191403280
1403191440984
1403191451521
1403191475324
1403191513719
1403191524095
1403191548592
1403191587658
1403191597826
1403191622384
1403191662124
1403191672796
1403191696454
1403191783377
1403191793447
1403191817618
1403191889749
1403191899988
1403191924201
1403191982651
1403191993010
1403192017603
1403192090364
1403192100898
1403192124888
1403192206855
1403192217080
1403192234399
1403192291593
1403192301845
1403192326208
1403192392670
1403192403335
1403192426924
1403192494958
1403192505059
1403192529203
1403192581709
1403192592958
1403192615948
1403192653903
1403192664400
1403192688477
1403192741953
1403192752840
1403192776682
1403192815717
1403192826398
1403192849959
1403192889675
1403192900477
1403192924031
1403193003935
1403193014001
1403193038540
1403193115845
1403193126228
1403193153405
1403193212857
1403193223150
1403193247348
1403193327036
1403193337512
1403193361707
1403193447872
1403193458124
1403193485278
1403193572770
1403193583167
1403193609194
1403193689637
1403193700109
1403193723938
1403193811872
1403193822079
1403193846256
1403193941644
1403193952169
1403193976432
1403194070565
1403194080951
1403194104925
1403194186026
1403194196722
1403194222567
1403194283341
1403194293768
1403194324965
1403194364567
1403194375132
1403194399613
1403194458276
1403194468559
1403194493345
1403194584346
1403194594960
1403194621631
1403194715906
1403194726126
1403194750555
1403194879932
1403194890236
1403194914621
1403195007771
1403195017812
1403195045006
1403195104167
1403195114353
1403195139169
1403195204009
1403195214537
1403195238736
1403195314188
1403195324633
1403195349265
1403195444347
1403195454519
1403195479014
1403195553056
1403195563235
1403195587545
1403195667666
1403195678348
1403195702128
1403195763533
1403195773642
1403195800951
1403195840570
1403195851306
1403251392349
1403251434084
1403251443974
1403251759275
1403251796480
1403251807146
1403251976830
1403252008897
1403252018725
1403252453144
1403252485225
1403252495081
1403252882270
1403252914464
1403252924657
1403253068649
1403253105397
1403253115242
1403253284073
1403253316122
1403253326875
1403253516927
1403253548764
1403253558910
1403253582123
1403253614077
1403253624212
1403253647300
1403253679872
1403253690054
1403253712936
1403253746133
1403253757074
1403253779324
1403253813157
1403253823816
1403253846225
1403253880660
1403253891306
1403253914000
1403253949064
1403253959700
1403253982379
1403254018686
1403254029490
1403254051949
1403254088894
1403254100206
1403254122387
1403254159955
1403254171262
1403254193055
1403254231211
1403254242238
1403254264519
1403254303319
1403254314540
1403254336456
1403254375891
1403254387672
1403254409109
1403254440943
1403254451077
1403254474124
1403254506411
1403254516445
1403254541304
1403254574207
1403254585216
1403254607495
1403254641052
1403254651612
1403254675593
1403254700923
1403254735400
1403254746788
1403254768594
1403254803749
1403254814741
1403254836980
1403254873525
1403254884375
1403256914572
1403256951809
1403256963344
1403256988309
1403257026235
1403257037179
1403257061144
1403257099737
1403257111103
1403257134531
1403257173752
1403257185135
1403257208483
1403257248429
1403257260656
1403257282943
1403257320528
1403257330447
1403257354974
1403257387515
1403257397377
1403257422014
1403257454934
1403257465119
1403257489733
1403257523273
1403257533637
1403257558163
1403257592357
1403257602983
1403257627264
1403257661965
1403257673050
1403257696604
1403257732126
1403257743214
1403257767344
1403257804029
1403257815051
1403257838766
1403257876110
1403257886952
1403257910958
1403257948924
1403257960118
1403257983566
1403258022167
1403258033314
1403258056971
1403258096317
1403258107831
1403258131114
1403258170989
1403258182462
1403258205551
1403258248100
1403258258030
1403258282564
1403258315070
1403258325070
1403258349734
1403258382730
1403258392883
1403258417736
1403258451276
1403258461710
1403258486166
1403258520378
1403258531085
1403258555305
1403258590113
1403258601130
1403258624785
1403258660223
1403258671258
1403258695010
1403258731684
1403258742519
1403258766434
1403258803748
1403258814588
1403258838357
1403258876323
1403258887245
1403258911172
1403258949742
1403258961052
1403258984340
1403259023559
1403259035106
1403259058227
1403259098106
1403259109484
1403259132930
1403259191700
1403259201498
1403259226100
1403259265267
1403259275433
1403259299628
1403259338191
1403259348183
1403259372687
1403259419299
1403259429567
1403259456326
1403259490527
1403259500792
1403259525505
1403259560372
1403259570824
1403259595136
1403259630567
1403259641105
1403259665395
1403259702069
1403259712610
1403259737012
1403259774352
1403259784919
1403259809239
1403259847323
1403259858134
1403259882155
1403259920757
1403259931525
1403259955626
1403259994839
1403260006044
1403260029579
1403260082486
1403260093537
1403260119623
1403260163520
1403260173711
1403260197984
1403260241688
1403260251808
1403260276046
1403260314807
1403260324916
1403260349193
1403260383052
1403260393207
1403260417606
1403260451798
1403260461893
1403260486690
1403260521492
1403260531977
1403260556353
1403260591783
1403260602686
1403260626524
1403260663256
1403260673758
1403260698192
1403260735538
1403260746188
1403260770430
1403260808402
1403260818933
1403260843310
1403260881898
1403260892741
1403260916738
1403260955942
1403260967075
1403260990435
1403261030308
1403261041413
1403261065045
1403261110794
1403261120904
1403261145264
1403261201510
1403261211589
1403261235896
1403261281511
1403261291588
1403261315963
1403261366780
1403261376976
1403261401102
1403261459827
1403261469845
1403261496567
1403261531821
1403261541730
1403261566364
1403261601865
1403261612043
1403261636736
1403261673478
1403261683931
1403261708397
1403261745787
1403261756268
1403261780691
1403261818661
1403261829539
1403261853446
1403261905190
1403261915801
1403261942376
1403261981690
1403261992333
1403262016587
1403262056444
1403262067178
1403262091235
1403262149281
1403262159213
1403262186098
1403262236726
1403262246657
1403262271230
1403262316362
1403262326469
1403262350770
1403262397050
1403262407285
1403262431396
1403262482182
1403262492300
1403262516204
1403262561818
1403262571931
1403262596078
1403262632013
1403262641989
1403262666332
1403262703006
1403262713248
1403262737992
1403262775308
1403262785936
1403262810057
1403262848046
1403262858641
1403262882963
1403262921571
1403262932002
1403262956364
1403262995648
1403263006104
1403263030421
1403263083321
1403263094190
1403263120451
1403263187743
1403263198323
1403263221999
1403263274319
1403263284438
1403263308757
1403263376274
1403263386443
1403263410584
1403263463623
1403263474002
1403263497978
1403263575863
1403263586076
1403263610246
1403263658254
1403263668278
1403263692693
1403263760449
1403263770410
1403263795036
1403263843036
1403263853478
1403263877429
1403263925643
1403263935780
1403263960067
1403263998049
1403264008604
1403264032756
1403264071267
1403264083132
1403264105374
1403264144554
1403264155217
1403264179431
1403264219318
1403264230030
1403264254154
1403264307047
1403264317165
1403264341292
1403264428001
1403264438823
1403264462028
1403264514734
1403264524948
1403264547473
1403264600191
1403264610571
1403264634734
1403264707645
1403264717781
1403264741945
1403264789032
1403264799673
1403264823786
1403264875913
1403264886635
1403264910031
1403264946730
1403264957019
1403264981419
1403265018659
1403265029560
1403265054337
1403265092119
1403265102557
1403265126521
1403265164877
1403265175567
1403265199180
1403265238402
1403265248930
1403265272425
1403265312203
1403265323490
1403265347603
1403265408647
1403265418988
1403265442794
1403265498441
1403265508905
1403265532676
1403265620453
1403265631201
1403265657047
1403265727028
1403265737325
1403265761101
1403265810813
1403265821176
1403265849180
1403265918549
1403265933614
1403265952952
1403266013985
1403266024013
1403266047989
1403266125409
1403266135681
1403266162119
1403266217833
1403266228910
1403266250138
1403266320790
1403266332027
1403266354146
1403266408550
1403266419014
1403266443066
1403266519401
1403266529356
1403266552833
1403266623982
1403266634346
1403266658402
1403266724930
1403266734976
1403266761907
1403266849829
1403266860057
1403266886797
1403266957297
1403266969002
1403266990458
1403267061671
1403267071957
1403267099315
1403267189636
1403267200084
1403267223980
1403267310999
1403267321239
1403267348089
1403267403309
1403267413655
1403267437440
1403267509137
1403267519663
1403267546234
1403267617354
1403267629050
1403267650843
1403267713379
1403267723582
1403267750071
1403267821016
1403267831155
1403267854597
1403267922691
1403267933231
1403267959583
1403267999581
1403268009837
1403269753242
1403269785426
1403269795399
1403269964609
1403269996795
1403270007083
1403270852946
1403270885104
1403270894996
1403270994949
1403271027105
1403271036941
1403271994398
1403272026569
1403272036444
1403273263786
1403273295927
1403273306504
1403275410710
1403275442913
1403275452721
1403524041617
1403524041617
1403524041618
1403524041618
1403524041618
1403524041618
1403524041619
1403524132880
1403524132880
1403524132880
1403524132880
1403524132880
1403524132880
1403524132880
1403524133818
1403524133825
1403524133831
1403524133832
1403524133831
1403524133835
1403524145155
1403524339425
1403524372533
1403536241776
1403536241776
1403536275157
1403536275209
1403536275698
1403536275698
1403536442807
1403536476397
1403536476397
1403536476456
1403536476868
1403536672973
1403537508441
1403537541934
1403537541935
1403537541989
1403537542398
1403538738823
1403538774247
1403538774248
1403539723907
1403539744057
1403539744127
1403539744528
1403539746774
1403540157316
1403540157316
1403540192100
1403540192140
1403540206839
1403540206846
1403596250312
1403596285689
1403596296004
1403597018170
1403597050494
1403597060348
1403597943509
1403597975685
1403597985547
1403612049470
1403612081834
1403612091759
1403614799890
1403614832188
1403614842223
1403621670177
1403621865267
1403622327439
1403622718712
