1404306941730
1404307665394
1404308382995
1404309085531
1404309921468
1404311540083
1404312299266
1404313158957
1404313913533
1404315836093
1404316573656
1404317496170
1404372402921
1404373864576
1404374944382
1404376842177
1404377734952
1404378347366
1404380504332
1404381121792
1404381749800
1404382371801
1404382997377
1404383624200
1404384246345
1404384867446
1404385492712
1404386129007
1404386750460
1404387376755
1404387990683
1404388563590
1404389187235
1404389808115
1404390433554
1404391055174
1404391676493
1404392296423
1404392912137
1404393531225
1404394154758
1404394778133
1404395419299
1404396033145
1404396646938
1404397259501
1404397870629
1404398483002
1404399099137
1404399725812
1404400338626
1404400951667
1404401565891
1404402173298
1404402799012
1404403413103
1404404026964
1404404639843
1404405269200
1404405898099
1404406527732
1404407157361
1404407795834
1404408431481
1404409099190
1404409724818
1404410353793
1404410985433
1404411629557
1404412261509
1404412895757
1404413546306
1404414175861
1404414809159
1404415437557
1404416085634
1404416715588
1404417351216
1404418037461
1404418698925
1404419398125
1404420080824
1404420808441
1404421511958
1404422187625
1404422872513
1404423560066
1404424263292
1404424982443
1404425669183
1404426371279
1404427039416
1404427721146
1404428425653
1404429111445
1404429781816
1404430467807
1404431142170
1404431914202
1404432640055
1404433402426
1404434112978
1404434881645
1404435612213
1404436359156
1404437104102
1404437833368
1404438572238
1404439337792
1404440069938
1404440802094
1404441612511
1404442370458
1404443145462
1404443885293
1404444613873
1404445438549
1404446186290
1404447047761
1404447893859
1404448702626
1404449595334
1404450438446
1404451311263
1404452149194
1404453014818
1404453831065
1404454674397
1404455485841
1404456381425
1404457270451
1404458129896
1404458994968
1404487460500
1404488087609
1404488715408
1404489359386
1404489988343
1404490614314
1404491243334
1404491869964
1404492492401
1404493119671
1404493752755
1404494387257
1404495014790
1404495641517
1404496268394
1404496890919
1404497515892
1404498148772
1404498771472
1404499399331
1404500022599
1404500640793
1404501257953
1404501876503
1404502498168
1404503121118
1404503742857
1404504360153
1404504982401
1404505599070
1404506217479
1404506839775
1404507460293
1404508078695
1404508697388
1404509318138
1404509940172
1404510561971
1404511184570
1404511802666
1404512451954
1404513108555
1404513771950
1404514432195
1404515092779
1404515760648
1404516400921
1404517088194
1404517734666
1404518404387
1404519040595
1404519695382
1404520333774
1404520992490
1404521647792
1404522318527
1404522956342
1404523603785
1404524257718
1404524902114
1404525646489
1404526364437
1404527111132
1404527824295
1404528521701
1404529265250
1404530003966
1404530703389
1404531441599
1404532171657
1404532875144
1404533612234
1404534315406
1404535016846
1404535775023
1404536482635
1404537264973
1404537959153
1404538692949
1404539445704
1404540256814
1404541112060
1404542022185
1404542876219
1404543786548
1404544674794
1404545458629
1404546267393
1404547135350
1404547952055
1404548798123
1404549552959
1404550479684
1404551318474
1404552119911
1404552961488
1404553792264
1404554600115
1404555500267
1404556321708
1404557322845
1404558335930
1404559378343
1404560312108
1404561343549
1404562340025
1404563326561
1404564319108
1404565312193
1404566273051
1404567368846
1404568469388
1404569505758
1404570467635
1404571538646
1404572462186
1404573448311
1404574361758
1404575507656
1404576559867
1404719864786
1404720689625
1404721490623
1404722325784
1404723106708
1404723978678
1404724777893
1404725637630
1404731194216
1404732083653
1404734426279
1404735320707
1404736119036
1404736950502
1404737779088
1404738594551
1404739439590
1404740272307
1404741146949
1404741964782
1404744737659
1404745598327
1404746439806
1404747277283
1404748138406
1404805826115
1404806607624
1404807425248
1404808297768
1404814071125
1404837323026
1404837954401
1404838587625
1404839220362
1404839853427
1404840486280
1404841119227
1404841755205
1404842390390
1404843026243
1404843651145
1404844277738
1404844896753
1404845515575
1404846136625
1404846755500
1404847376741
1404847997250
1404848628705
1404849249050
1404849882125
1404850550912
1404851183368
1404851863331
1404852528007
1404853165660
1404853817341
1404854471923
1404855110046
1404855744498
1404856451569
1404857113928
1404857786681
1404858504277
1404859215861
1404859917557
1404860646764
1404861309449
1404861973809
1404862650368
1404863453344
1404864165931
1404864901569
1404865603948
1404866342190
1404867098062
1404867850380
1404868590877
1404869299341
1404870011214
1404870822265
1404871621391
1404872469224
1404873257529
1404874044551
1404874901354
1404875675220
1404876539971
1404877400324
1404878278249
1404895124427
1404895755180
1404896382388
1404897013497
1404897637516
1404898268975
1404898901412
1404899537054
1404900173686
1404900809561
1404901452267
1404902074791
1404902692946
1404903314393
1404903949193
1404904571471
1404905194924
1404905815303
1404906440431
1404907060585
1404907691955
1404908325374
1404908958702
1404909608449
1404910239990
1404910890049
1404911550279
1404912185075
1404912832958
1404913481349
1404914150525
1404914881715
1404915552421
1404916228644
1404916924290
1404917581910
1404918276111
1404918974129
1404919643614
1404920326669
1404921029875
1404921754592
1404922495823
1404923281099
1404923969981
1404924687451
1404925421150
1404926197223
1404926925185
1404927689748
1404928491513
1404929339916
1404930222371
1404931028930
1404931793710
1404932636895
1404933443346
1404934258081
1404935125398
1404935969446
1404936649824
1404937282037
1404937913429
1404938544180
1404939176331
1404939808218
1404940447263
1404941080290
1404941712146
1404942344016
1404942985317
1404943604768
1404944230531
1404944850044
1404945469040
1404946088181
1404946707119
1404947326083
1404947946205
1404948565715
1404949198740
1404949836825
1404950469202
1404951108958
1404951747095
1404952392536
1404953030325
1404953668635
1404954305917
1404954941856
1404955621580
1404956287621
1404956966567
1404957653172
1404958341365
1404959038014
1404959694247
1404960351251
1404961022117
1404961689173
1404962411250
1404963155618
1404963899353
1404964636751
1404965393114
1404966080991
1404966856011
1404967610996
1404968364891
1404969094956
1404969923748
1404970712722
1404971491389
1404972363947
1404973151118
1404973964741
1404974748924
1404975555404
1404976369380
1404977187111
1404985386869
1404986019217
1404986640756
1404987271889
1404987904562
1404988529878
1404989169278
1404989810770
1404990444800
1404991083278
1404991700092
1404992323616
1404992944243
1404993575240
1404994194234
1404994813300
1404995450007
1404996069115
