1404307272437
1404307309507
1404307320229
1404307986916
1404308023831
1404308688593
1404308719960
1404309481906
1404309518998
1404311129935
1404311161318
1404311882354
1404311919642
1404312763437
1404312799905
1404313486679
1404313518579
1404315428670
1404315479596
1404315490493
1404316152665
1404316189734
1404316200498
1404316926268
1404317157750
1404317181550
1404317181610
1404317783865
1404317807694
1404317818519
1404372688696
1404372712550
1404372712608
1404374152658
1404374176256
1404374176309
1404375615297
1404375638984
1404375650161
1404376172635
1404376196255
1404377407378
1404377431092
1404377441515
1404378016717
1404378040431
1404378040488
1404380164545
1404380188309
1404380188367
1404380788658
1404380812334
1404380812390
1404381411876
1404381435682
1404381435742
1404382035398
1404382059261
1404382059322
1404382657061
1404382680866
1404382680924
1404383286347
1404383310169
1404383321119
1404383911432
1404383935211
1404383935271
1404384529468
1404384553258
1404384564168
1404385157025
1404385180810
1404385180871
1404385788904
1404385812768
1404385812827
1404386415069
1404386438876
1404386449917
1404387035593
1404387059391
1404387059448
1404387661654
1404387685462
1404387696436
1404388278776
1404388302367
1404388302421
1404388848999
1404388872736
1404388872795
1404389474175
1404389497895
1404389497960
1404390099326
1404390123144
1404390123203
1404390720521
1404390744304
1404390744358
1404391342928
1404391366650
1404391377664
1404391962716
1404391986502
1404391986562
1404392585119
1404392608823
1404392620143
1404393201765
1404393225400
1404393827151
1404393850881
1404393861933
1404394443025
1404394466695
1404394478179
1404395090234
1404395113688
1404395124780
1404395706842
1404395730480
1404395741489
1404396321535
1404396345255
1404396356223
1404396934357
1404396958147
1404396969116
1404397545493
1404397569142
1404397580158
1404398157582
1404398181266
1404398192277
1404398771094
1404398794821
1404398805727
1404399395212
1404399418744
1404399430485
1404400013551
1404400037337
1404400048221
1404400626836
1404400650624
1404400661431
1404401240938
1404401264735
1404401275675
1404401848604
1404401872384
1404401883251
1404402461322
1404402498203
1404403086930
1404403110726
1404403121540
1404403701599
1404403725395
1404404314854
1404404338639
1404404349464
1404404936824
1404404960608
1404405571069
1404405594861
1404406200046
1404406223847
1404406830135
1404406853959
1404407470957
1404407494754
1404407505219
1404408093198
1404408116998
1404408127599
1404408758562
1404408782362
1404408792979
1404409395204
1404409419013
1404410026415
1404410050198
1404410658226
1404410682003
1404411303752
1404411327519
1404411338122
1404411931689
1404411955513
1404411966120
1404412568474
1404412592239
1404413201197
1404413224990
1404413848774
1404413872564
1404414482118
1404414505904
1404415105554
1404415134567
1404415740114
1404415763917
1404416387912
1404416411689
1404417017134
1404417046143
1404417669809
1404417699975
1404418342528
1404418372698
1404419017038
1404419046715
1404419715603
1404419758924
1404419769619
1404420422174
1404420465715
1404420476361
1404421133472
1404421177181
1404421187878
1404421818653
1404421848416
1404422521541
1404422551359
1404423193487
1404423223360
1404423884086
1404423913891
1404424605310
1404424648469
1404425303192
1404425332918
1404426007261
1404426051826
1404426689745
1404426719585
1404427362615
1404427407490
1404428061124
1404428105792
1404428736196
1404428779282
1404429416393
1404429446178
1404430087807
1404430130667
1404430141352
1404430787140
1404430816443
1404431498570
1404431529326
1404432227882
1404432264816
1404432992709
1404433023885
1404433732146
1404433763700
1404434456137
1404434515782
1404434526426
1404435218943
1404435265153
1404435932251
1404435968992
1404436702822
1404436739060
1404437435450
1404437466855
1404438177442
1404438214355
1404438914852
1404438951806
1404439671766
1404439702615
1404440381480
1404440431159
1404440441834
1404441174737
1404441211192
1404441941102
1404441972375
1404442717234
1404442761954
1404443495312
1404443531675
1404444211441
1404444247671
1404444959120
1404445008700
1404445019219
1404445754769
1404445791595
1404446531678
1404446582316
1404446592956
1404447411777
1404447449281
1404448257812
1404448290480
1404449084380
1404449122730
1404449994924
1404450032679
1404450827038
1404450886178
1404450897136
1404451708408
1404451746640
1404452546111
1404452584131
1404453376676
1404453429594
1404453440032
1404454218365
1404454270088
1404454280719
1404455033181
1404455071610
1404455082140
1404455889790
1404455928273
1404456757914
1404456823791
1404456834343
1404457656861
1404457710328
1404458541639
1404458580062
1404487125561
1404487149318
1404487160113
1404487748652
1404487772435
1404487772485
1404488378147
1404488401859
1404488412833
1404489007457
1404489031232
1404489031287
1404489647033
1404489670764
1404489670825
1404490275337
1404490299123
1404490299182
1404490903054
1404490926799
1404490926862
1404491532971
1404491556730
1404491556784
1404492155010
1404492178756
1404492189723
1404492780958
1404492804674
1404492804734
1404493409978
1404493433680
1404493433739
1404494044106
1404494067815
1404494067865
1404494676981
1404494700684
1404494700737
1404495306329
1404495330116
1404495330171
1404495929737
1404495953427
1404495953486
1404496555512
1404496579282
1404496579336
1404497179272
1404497202965
1404497213845
1404497808302
1404497832041
1404497832097
1404498435853
1404498459598
1404498459651
1404499061945
1404499085718
1404499085774
1404499694394
1404499718145
1404499729024
1404500312707
1404500336481
1404500347258
1404500929968
1404500953710
1404500964521
1404501548003
1404501571785
1404501582595
1404502170003
1404502193782
1404502204606
1404502787872
1404502811636
1404502822464
1404503414625
1404503438410
1404503449336
1404504031821
1404504055568
1404504066530
1404504654046
1404504677866
1404504688655
1404505270761
1404505294475
1404505305428
1404505889221
1404505912966
1404505923856
1404506507557
1404506531383
1404506542260
1404507132408
1404507156148
1404507167041
1404507750446
1404507774168
1404507785044
1404508368746
1404508392559
1404508403486
1404508987766
1404509011526
1404509612126
1404509635835
1404510230206
1404510253976
1404510264968
1404510856381
1404510880088
1404510890962
1404511474294
1404511498057
1404511508956
1404512122263
1404512146085
1404512766027
1404512789759
1404513429231
1404513453003
1404514102209
1404514125961
1404514762762
1404514786539
1404515415712
1404515439486
1404516070699
1404516094409
1404516732637
1404516756351
1404517405043
1404517428798
1404518072758
1404518096475
1404518711035
1404518734762
1404519352521
1404519376234
1404520003754
1404520027492
1404520662025
1404520685802
1404521304750
1404521328518
1404521984302
1404522008035
1404522626356
1404522650111
1404523273342
1404523297118
1404523913502
1404523937222
1404524572059
1404524595836
1404525252368
1404525287232
1404525980859
1404526015387
1404526728128
1404526792812
1404526803367
1404527461617
1404527496578
1404528154158
1404528189306
1404528887242
1404528921945
1404529609607
1404529644246
1404530328736
1404530363954
1404531050569
1404531085251
1404531095957
1404531778178
1404531812992
1404532510058
1404532544399
1404533233926
1404533288823
1404533299234
1404533937602
1404533977826
1404533988355
1404534657207
1404534691766
1404535379464
1404535434384
1404536125643
1404536160447
1404536882654
1404536929899
1404536940514
1404537607301
1404537642265
1404538314591
1404538362187
1404538372797
1404539042429
1404539095287
1404539105932
1404539820345
1404539866542
1404539877288
1404540650078
1404540713659
1404540724186
1404541519225
1404541575458
1404542428144
1404542464137
1404543266305
1404543336658
1404543347247
1404544164390
1404544215069
1404545026510
1404545068187
1404545813972
1404545875218
1404545885650
1404546631069
1404546694799
1404546705583
1404547511787
1404547553504
1404548369487
1404548410723
1404548421486
1404549134712
1404549190607
1404549201049
1404549936055
1404549992018
1404550881270
1404550923047
1404550933787
1404551698454
1404551739545
1404552477442
1404552518306
1404552528798
1404553313443
1404553370248
1404554134504
1404554176348
1404554986496
1404555042985
1404555894624
1404555930799
1404556708491
1404556806040
1404557772954
1404557821359
1404557831969
1404558795191
1404558837144
1404559784208
1404559852954
1404559863851
1404560760438
1404560838722
1404560849376
1404561769334
1404561862070
1404561872725
1404562801495
1404562849123
1404563792393
1404563855858
1404563866622
1404564782825
1404564825194
1404565750915
1404565798534
1404565809098
1404566785782
1404566849160
1404567862961
1404567910802
1404568957532
1404569030841
1404569932387
1404570001011
1404570922926
1404571000716
1404571011287
1404571959858
1404572012730
1404572023493
1404572925235
1404572967810
1404572978125
1404573869421
1404573911934
1404574903871
1404574986883
1404574997702
1404575954719
1404576012927
1404719425949
1404719471829
1404719482515
1404720243517
1404720290201
1404720301282
1404721030262
1404721067196
1404721894822
1404721935599
1404722665545
1404722722236
1404723520373
1404723563910
1404724320324
1404724356863
1404725149080
1404725210679
1404725221713
1404726081701
1404726123165
1404731591404
1404731645030
1404731656208
1404733962813
1404734009481
1404734020260
1404734804515
1404734846089
1404735693570
1404735735034
1404736492001
1404736553168
1404736563826
1404737327999
1404737368934
1404738132898
1404738174246
1404738986991
1404739028087
1404739819678
1404739865741
1404739876441
1404740630922
1404740684074
1404740694795
1404741486569
1404741527697
1404744264955
1404744320798
1404744331722
1404745116862
1404745172375
1404745183059
1404745955528
1404746029788
1404746040571
1404746827200
1404746868923
1404747676188
1404747732071
1404748524991
1404748565974
1404805349461
1404805411113
1404806203736
1404806244606
1404806942643
1404806993568
1404807004513
1404807815001
1404807875720
1404813736885
1404813760733
1404813760786
1404814361044
1404814384841
1404814395757
1404836983099
1404837010441
1404837010495
1404837613812
1404837641171
1404837641227
1404838247050
1404838274386
1404838274445
1404838879819
1404838907173
1404838907227
1404839512433
1404839539787
1404839539843
1404840145714
1404840173088
1404840173143
1404840778142
1404840805475
1404840805534
1404841412771
1404841440095
1404842048136
1404842075485
1404842075539
1404842683850
1404842711190
1404842711248
1404843321001
1404843348580
1404843939821
1404843967304
1404844566304
1404844593756
1404845185235
1404845212796
1404845806115
1404845833800
1404846425313
1404846452836
1404847044903
1404847072400
1404847665269
1404847692776
1404848285713
1404848322701
1404848917107
1404848944596
1404849550505
1404849579254
1404850184373
1404850213106
1404850846680
1404850875029
1404851501145
1404851535075
1404852164979
1404852209038
1404852219683
1404852829373
1404852858476
1404852869151
1404853469218
1404853498314
1404853508986
1404854140525
1404854169204
1404854773346
1404854807354
1404855411367
1404855440125
1404856061050
1404856111458
1404856769721
1404856804073
1404857432726
1404857468191
1404858108501
1404858153351
1404858163942
1404858820228
1404858854968
1404859547134
1404859590853
1404859601473
1404860266155
1404860300741
1404860952660
1404860987343
1404861619489
1404861654391
1404862303854
1404862339119
1404863005611
1404863041982
1404863763239
1404863815068
1404864503233
1404864539088
1404865216186
1404865252684
1404865932653
1404865968372
1404866652522
1404866697009
1404866707591
1404867447701
1404867484055
1404868176515
1404868212740
1404868921000
1404868956899
1404869625126
1404869660724
1404870349117
1404870401970
1404870412323
1404871179638
1404871217143
1404872008653
1404872051842
1404872812648
1404872855417
1404873612238
1404873654539
1404874397850
1404874470775
1404875240546
1404875282640
1404876066168
1404876110182
1404876925805
1404876963448
1404877806186
1404877848695
1404894787473
1404894814801
1404894814855
1404895414628
1404895441860
1404895441916
1404896044996
1404896072014
1404896072071
1404896674956
1404896702243
1404896702299
1404897302028
1404897329227
1404897329286
1404897927395
1404897954761
1404897954822
1404898561662
1404898589051
1404898589108
1404899194438
1404899221734
1404899221781
1404899832785
1404899860144
1404899860198
1404900467286
1404900494649
1404900494707
1404901104117
1404901131668
1404901741632
1404901769319
1404902364084
1404902391729
1404902980802
1404903008317
1404903607455
1404903634856
1404904240994
1404904268428
1404904862081
1404904889638
1404905484428
1404905511857
1404906107939
1404906135566
1404906730146
1404906757708
1404907361563
1404907390204
1404907992601
1404908021141
1404908628089
1404908656430
1404909276327
1404909304694
1404909908626
1404909936846
1404910559011
1404910587305
1404911205760
1404911234026
1404911852891
1404911881301
1404912486308
1404912514735
1404913133865
1404913162147
1404913798888
1404913833349
1404914503004
1404914552267
1404915198923
1404915234164
1404915859061
1404915893750
1404916549312
1404916584003
1404917230818
1404917265887
1404917904685
1404917962352
1404918596333
1404918631242
1404919280296
1404919314778
1404919976771
1404920011126
1404920642454
1404920678715
1404921346426
1404921382741
1404922092204
1404922128321
1404922831315
1404922877134
1404922887974
1404923592695
1404923628852
1404924304211
1404924340214
1404925032521
1404925076845
1404925087471
1404925783614
1404925834897
1404926521130
1404926557188
1404927277686
1404927314386
1404928027227
1404928084968
1404928895873
1404928934175
1404929744944
1404929788483
1404930575040
1404930618027
1404931390666
1404931428435
1404932174803
1404932218169
1404932992582
1404933035891
1404933824093
1404933862417
1404934646415
1404934696624
1404934707281
1404935535030
1404935573620
1404936305267
1404936332638
1404936332695
1404936941941
1404936969279
1404936969333
1404937573054
1404937600417
1404937600471
1404938204912
1404938232220
1404938232274
1404938835624
1404938862916
1404938862969
1404939467744
1404939495035
1404939495088
1404940097945
1404940125258
1404940125303
1404940739390
1404940766719
1404940766778
1404941371623
1404941399002
1404941399059
1404942003651
1404942030974
1404942031028
1404942649847
1404942677481
1404943274019
1404943301545
1404943895461
1404943923108
1404944519261
1404944546802
1404945138788
1404945166278
1404945758111
1404945785535
1404946377094
1404946404688
1404946996047
1404947023651
1404947615784
1404947643285
1404948235165
1404948262705
1404948866947
1404948895506
1404949500284
1404949528847
1404950133089
1404950161488
1404950777490
1404950805828
1404951410296
1404951438833
1404952048364
1404952076640
1404952694505
1404952722971
1404953332741
1404953361805
1404953372356
1404953974449
1404954002614
1404954606827
1404954635096
1404955270965
1404955305894
1404955942807
1404955977539
1404956600373
1404956634966
1404957302884
1404957337855
1404957989542
1404958024170
1404958688582
1404958723438
1404959345886
1404959380265
1404960001190
1404960036181
1404960657243
1404960691982
1404961332918
1404961367332
1404962003737
1404962055230
1404962740977
1404962782827
1404963471851
1404963522584
1404964231818
1404964267909
1404965002679
1404965039065
1404965709154
1404965745706
1404966448680
1404966484770
1404967215425
1404967252577
1404967959696
1404968010575
1404968720766
1404968757432
1404969463825
1404969522678
1404970287272
1404970325383
1404971072336
1404971124702
1404971903367
1404971940668
1404972696574
1404972748645
1404973512860
1404973558329
1404973568944
1404974324463
1404974362955
1404975104109
1404975141939
1404975936374
1404975981901
1404975992421
1404976756030
1404976799416
1404985046745
1404985074095
1404985074149
1404985679804
1404985707125
1404985707184
1404986305638
1404986332763
1404986332818
1404986931558
1404986958888
1404986958956
1404987562723
1404987590089
1404987590142
1404988194493
1404988221762
1404988221822
1404988822944
1404988850281
1404988850334
1404989464365
1404989491715
1404989491769
1404990104177
1404990131535
1404990131596
1404990738437
1404990765794
1404990765848
1404991368932
1404991396262
1404991989276
1404992016828
1404992614304
1404992641755
1404993239798
1404993267330
1404993864130
1404993891682
1404994483282
1404994510983
1404995106934
1404995134618
1404995736571
1404995764216
1404996361829
1404996389336
