1404306361909
1404307088258
1404307811777
1404308529354
1404309313940
1404310933949
1404311702351
1404312598846
1404313307629
1404315200104
1404315983688
1404316732622
1404317020610
1404317646649
1404372554520
1404374016656
1404375478337
1404376037475
1404376993598
1404377881563
1404380027456
1404380653422
1404381271949
1404381900550
1404382522009
1404383149304
1404383774419
1404384394816
1404385020019
1404385645221
1404386280388
1404386900471
1404387524754
1404388141508
1404388713804
1404389337047
1404389960346
1404390584454
1404391206285
1404391826120
1404392444800
1404393058697
1404393682965
1404394301942
1404394947649
1404395565745
1404396180611
1404396793105
1404397406388
1404398016770
1404398630225
1404399251734
1404399871559
1404400484581
1404401097708
1404401711792
1404402319231
1404402945098
1404403559246
1404404173084
1404404785605
1404405414906
1404406043821
1404406673625
1404407303703
1404407941846
1404408590627
1404409244853
1404409870576
1404410507642
1404411131541
1404411775308
1404412412209
1404413041576
1404413692399
1404414321625
1404414955183
1404415583574
1404416231548
1404416861524
1404417510149
1404418183317
1404418857990
1404419544385
1404420239676
1404420967749
1404421657775
1404422346965
1404423018688
1404423719263
1404424413764
1404425128431
1404425817175
1404426530898
1404427202653
1404427867291
1404428571502
1404429257332
1404429927782
1404430627007
1404431288230
1404432060060
1404432785889
1404433548746
1404434272217
1404435029452
1404435764117
1404436505072
1404437252410
1404437979370
1404438750536
1404439485939
1404440217899
1404440976844
1404441758675
1404442529696
1404443306975
1404444033363
1404444774940
1404445584346
1404446334616
1404447230414
1404448062594
1404448887361
1404449785173
1404450612513
1404451516511
1404452347158
1404453184117
1404454013048
1404454841304
1404455666766
1404456568953
1404457445590
1404458338593
1404459182527
1404486988031
1404487610966
1404488240755
1404488868213
1404489510189
1404490139318
1404490765242
1404491395499
1404492019336
1404492643226
1404493272524
1404493905032
1404494539460
1404495169133
1404495792121
1404496417706
1404497043658
1404497668502
1404498299852
1404498924373
1404499551993
1404500169787
1404500787655
1404501405307
1404502023735
1404502645311
1404503273394
1404503890014
1404504507591
1404505129932
1404505746737
1404506364872
1404506990243
1404507607727
1404508225881
1404508845016
1404509465467
1404510087635
1404510709439
1404511331832
1404511954020
1404512599577
1404513256011
1404513919436
1404514587694
1404515253122
1404515907946
1404516548279
1404517240575
1404517894789
1404518551809
1404519188035
1404519842670
1404520485053
1404521139903
1404521811797
1404522465861
1404523103477
1404523751302
1404524409136
1404525049495
1404525806430
1404526511540
1404527258180
1404527971765
1404528668974
1404529412569
1404530151207
1404530850698
1404531588902
1404532332123
1404533037640
1404533759643
1404534462661
1404535182576
1404535922453
1404536655898
1404537412438
1404538119566
1404538853246
1404539605690
1404540417132
1404541274423
1404542169819
1404543023558
1404543935783
1404544822357
1404545618933
1404546428923
1404547287737
1404548104821
1404548945436
1404549700418
1404550652945
1404551478314
1404552267358
1404553110876
1404553941526
1404554751757
1404555667337
1404556469122
1404557521636
1404558549808
1404559571717
1404560514507
1404561526093
1404562572060
1404563540030
1404564538933
1404565516219
1404566493440
1404567646397
1404568685715
1404569693889
1404570650540
1404571717935
1404572673418
1404573646185
1404574590905
1404575708065
1404719228719
1404720014219
1404720837340
1404721665800
1404722474432
1404723275307
1404724126673
1404724938093
1404725798420
1404731354305
1404733756551
1404734573714
1404735469678
1404736279404
1404737110881
1404737927105
1404738760080
1404739588962
1404740433299
1404741301451
1404744002324
1404744885978
1404745758755
1404746602307
1404747438750
1404748298349
1404805105422
1404805976059
1404806756792
1404807574466
1404813598019
1404814222356
1404836844387
1404837474322
1404838107720
1404838740650
1404839373247
1404840006357
1404840638902
1404841272950
1404841908147
1404842544174
1404843179874
1404843798414
1404844424962
1404845044015
1404845664422
1404846283876
1404846902843
1404847523905
1404848144425
1404848775743
1404849396432
1404850029909
1404850698392
1404851334946
1404852011140
1404852675513
1404853315285
1404853964797
1404854619464
1404855257452
1404855892143
1404856612401
1404857262323
1404857934742
1404858652713
1404859377194
1404860078418
1404860795228
1404861457705
1404862122002
1404862798723
1404863602562
1404864315079
1404865050406
1404865770932
1404866490953
1404867259658
1404867999056
1404868752588
1404869448238
1404870160318
1404870993139
1404871802887
1404872645600
1404873419180
1404874210507
1404875066897
1404875857173
1404876728537
1404877603969
1404894649486
1404895277287
1404895908532
1404896535274
1404897165207
1404897788050
1404898422350
1404899056672
1404899693870
1404900327181
1404900963024
1404901599898
1404902223448
1404902839973
1404903461764
1404904099520
1404904720763
1404905342436
1404905965432
1404906588615
1404907207756
1404907839712
1404908474227
1404909107032
1404909758666
1404910390123
1404911037628
1404911699401
1404912333248
1404912980736
1404913629687
1404914315185
1404915030251
1404915701003
1404916376654
1404917072362
1404917731326
1404918424682
1404919122442
1404919791741
1404920480514
1404921179094
1404921915923
1404922649750
1404923429783
1404924130749
1404924836345
1404925569888
1404926346041
1404927073917
1404927853043
1404928677411
1404929538665
1404930388826
1404931184214
1404931985718
1404932803845
1404933632129
1404934452537
1404935313778
1404936166032
1404936802805
1404937434016
1404938065783
1404938696479
1404939328657
1404939958878
1404940600171
1404941232632
1404941864695
1404942496348
1404943132870
1404943754296
1404944378125
1404944997562
1404945616841
1404946235822
1404946854580
1404947473617
1404948093692
1404948712952
1404949346371
1404949984520
1404950617342
1404951256832
1404951894773
1404952540396
1404953178100
1404953820536
1404954453612
1404955089361
1404955769638
1404956435982
1404957118586
1404957816495
1404958503574
1404959189260
1404959842773
1404960499642
1404961170401
1404961837514
1404962560236
1404963304315
1404964061475
1404964798580
1404965542056
1404966242312
1404967029421
1404967765684
1404968526276
1404969256357
1404970105941
1404970879701
1404971687828
1404972525586
1404973322710
1404974125662
1404974921576
1404975728740
1404976557313
1404984910105
1404985538200
1404986168743
1404986792978
1404987425295
1404988057123
1404988683182
1404989322915
1404989964452
1404990598273
1404991233132
1404991847953
1404992471894
1404993093912
1404993722647
1404994342130
1404994960755
1404995597466
1404996216383
