1404307713823
1404307741120
1404308431275
1404308458628
1404308469572
1404309140713
1404309167742
1404309971820
1404309999274
1404311589206
1404311616432
1404312484106
1404312511471
1404313208065
1404313235198
1404313962586
1404313989691
1404315884703
1404315911916
1404316622002
1404316661766
1404316672751
1404317546657
1404317574039
1404317584959
1404372453145
1404372480502
1404372480565
1404373913561
1404373940674
1404373940737
1404374993231
1404375020389
1404375020452
1404376895428
1404376922725
1404376933755
1404377783320
1404377810580
1404378396891
1404378424127
1404380553669
1404380580799
1404380580856
1404381171311
1404381198606
1404381198663
1404381798154
1404381825611
1404381825672
1404382419999
1404382447431
1404382447488
1404383047537
1404383074931
1404383074992
1404383672435
1404383699799
1404383699856
1404384294529
1404384321965
1404384322021
1404384917806
1404384945129
1404384945184
1404385543034
1404385570415
1404385570481
1404386179572
1404386206852
1404386206911
1404386800789
1404386828199
1404386828256
1404387427040
1404387454436
1404387465287
1404388038884
1404388066309
1404388066369
1404388613963
1404388641149
1404388641207
1404389235453
1404389262877
1404389262937
1404389858307
1404389885628
1404389885693
1404390483322
1404390510651
1404390510710
1404391104474
1404391131796
1404391131853
1404391726141
1404391753447
1404391753503
1404392345743
1404392372912
1404392372966
1404392960532
1404392987870
1404392998885
1404393579778
1404393606858
1404393618677
1404394203336
1404394230309
1404394241384
1404394837062
1404394876032
1404395467665
1404395494818
1404396082129
1404396109336
1404396120441
1404396695072
1404396722372
1404396733403
1404397308331
1404397335421
1404397919017
1404397946181
1404397957134
1404398531569
1404398558747
1404399152183
1404399179375
1404399773899
1404399801232
1404399812147
1404400386709
1404400414065
1404400424912
1404400999838
1404401027184
1404401614045
1404401641413
1404401652209
1404402221390
1404402248767
1404402259749
1404402847257
1404402874619
1404402885602
1404403461425
1404403488825
1404403499804
1404404075123
1404404102475
1404404113283
1404404688033
1404404715386
1404404726265
1404405317358
1404405344702
1404405946062
1404405973417
1404406576007
1404406603365
1404407205671
1404407233053
1404407843962
1404407871301
1404408479599
1404408520212
1404409147339
1404409174673
1404409772996
1404409800370
1404410407535
1404410434892
1404411033762
1404411061196
1404411677709
1404411705038
1404412309472
1404412336895
1404412943919
1404412971369
1404413594611
1404413622058
1404414223853
1404414251224
1404414857311
1404414884721
1404415485786
1404415513194
1404416133737
1404416161169
1404416763851
1404416791308
1404417399346
1404417426700
1404418085676
1404418113081
1404418760314
1404418787661
1404419446330
1404419473756
1404420142059
1404420169521
1404420856765
1404420884162
1404421560108
1404421587505
1404422235812
1404422263191
1404422274099
1404422920942
1404422948315
1404422959285
1404423608216
1404423635583
1404424311697
1404424339103
1404425030810
1404425058168
1404425717364
1404425744720
1404426432769
1404426460135
1404427087719
1404427115090
1404427769562
1404427796907
1404428473861
1404428501225
1404429159642
1404429186985
1404429830091
1404429857544
1404430529308
1404430556664
1404431190347
1404431217775
1404431962413
1404431989771
1404432000661
1404432688223
1404432715583
1404432726169
1404433450718
1404433478125
1404433488736
1404434174579
1404434201938
1404434929831
1404434957161
1404435662597
1404435689948
1404435700649
1404436407417
1404436434793
1404436445325
1404437154584
1404437182054
1404437192688
1404437881618
1404437909029
1404437919785
1404438639609
1404438680077
1404438690899
1404439386033
1404439413461
1404440120244
1404440147595
1404440158406
1404440850397
1404440891011
1404441660742
1404441688115
1404441698792
1404442432005
1404442459347
1404442469952
1404443195809
1404443223163
1404443233823
1404443933510
1404443960839
1404444677272
1404444704616
1404444715468
1404445486723
1404445514137
1404445524942
1404446236679
1404446264049
1404446274753
1404447117204
1404447157833
1404447949754
1404447988056
1404448774145
1404448813051
1404449666323
1404449699496
1404450494524
1404450527859
1404451388187
1404451436580
1404452220513
1404452253564
1404453071109
1404453109570
1404453892041
1404453940653
1404453951262
1404454734035
1404454766505
1404455542175
1404455588543
1404455599119
1404456441251
1404456492685
1404456503496
1404457332723
1404457360088
1404458191463
1404458252875
1404458263654
1404459056453
1404459094994
1404459105596
1404487510539
1404487537868
1404487548799
1404488138107
1404488165425
1404488165478
1404488765906
1404488793219
1404488793280
1404489410031
1404489437278
1404489448203
1404490037080
1404490064333
1404490064393
1404490662986
1404490690283
1404490690330
1404491293760
1404491321047
1404491321104
1404491918641
1404491945954
1404491956911
1404492542855
1404492570155
1404492580999
1404493170106
1404493197394
1404493197449
1404493802934
1404493830267
1404493830314
1404494437197
1404494464439
1404494464494
1404495063499
1404495090795
1404495101691
1404495691894
1404495719218
1404495730161
1404496317074
1404496344404
1404496344460
1404496941602
1404496968868
1404496968929
1404497566387
1404497593636
1404497593696
1404498199343
1404498226594
1404498226649
1404498821865
1404498849177
1404498849233
1404499449982
1404499477241
1404499477302
1404500071347
1404500098612
1404500109599
1404500689385
1404500716632
1404500727568
1404501306648
1404501334004
1404501344829
1404501925073
1404501952386
1404501963393
1404502546852
1404502574109
1404502585027
1404503174796
1404503202129
1404503213008
1404503791513
1404503818753
1404503829712
1404504408922
1404504436199
1404504447170
1404505031142
1404505058510
1404505069517
1404505647930
1404505675228
1404505686035
1404506266205
1404506293558
1404506304442
1404506888431
1404506915748
1404506926668
1404507509024
1404507536331
1404507547225
1404508127378
1404508154681
1404508165713
1404508746046
1404508773408
1404508784316
1404509366792
1404509394061
1404509404996
1404509988970
1404510016220
1404510027175
1404510610729
1404510637982
1404510648809
1404511233234
1404511260569
1404511271540
1404511851321
1404511878606
1404511889411
1404512500520
1404512527802
1404513157187
1404513184502
1404513820613
1404513847943
1404514489300
1404514516579
1404515141448
1404515181788
1404515809214
1404515836578
1404516449540
1404516476887
1404517136909
1404517164249
1404517783342
1404517810710
1404518453122
1404518480473
1404519089271
1404519116652
1404519744098
1404519771418
1404520386305
1404520413733
1404521041230
1404521068541
1404521696517
1404521736570
1404522367228
1404522394553
1404523004911
1404523032190
1404523652424
1404523679803
1404524306441
1404524333743
1404524950828
1404524978150
1404525695189
1404525722451
1404526412972
1404526440211
1404526451304
1404527159702
1404527186952
1404527872979
1404527900339
1404527911456
1404528570325
1404528597668
1404529313859
1404529341142
1404530052569
1404530079929
1404530091071
1404530752145
1404530779427
1404531490315
1404531517641
1404532233298
1404532260646
1404532938885
1404532966154
1404533660928
1404533688255
1404534364066
1404534391383
1404535065499
1404535092900
1404535104073
1404535823787
1404535851059
1404536544272
1404536571602
1404537313593
1404537340922
1404538020853
1404538048189
1404538741662
1404538781957
1404539507215
1404539534477
1404540305534
1404540345860
1404540356719
1404541162607
1404541202927
1404541213933
1404542070854
1404542098189
1404542108908
1404542924902
1404542952213
1404542963041
1404543837164
1404543864407
1404543875125
1404544723524
1404544750873
1404545520162
1404545547489
1404545558017
1404546317640
1404546344904
1404546355841
1404547184110
1404547211374
1404547222192
1404548006155
1404548033489
1404548044081
1404548846889
1404548874283
1404548885124
1404549601681
1404549628912
1404549639665
1404550541419
1404550581742
1404550592817
1404551367274
1404551394597
1404551405287
1404552168674
1404552195951
1404552206780
1404553012085
1404553039401
1404553050128
1404553842805
1404553870135
1404553880864
1404554648851
1404554676210
1404554686862
1404555555665
1404555595984
1404555606667
1404556370389
1404556397681
1404556408414
1404557384300
1404557422154
1404558402408
1404558439968
1404558450523
1404559444267
1404559487512
1404559497966
1404560391134
1404560429047
1404561405036
1404561447985
1404561458704
1404562417577
1404562475421
1404562485945
1404563405950
1404563466884
1404564395069
1404564453356
1404565378066
1404565443504
1404565454208
1404566343625
1404566404038
1404566414624
1404567453063
1404567526145
1404567536717
1404568549118
1404568597413
1404569579528
1404569622255
1404569632650
1404570537497
1404570575553
1404571599507
1404571643298
1404572559911
1404572587159
1404573514524
1404573572862
1404573583314
1404574449225
1404574499585
1404574510357
1404575594553
1404575634948
1404575645414
1404576659253
1404576702648
1404576713140
1404719914069
1404719941208
1404719952166
1404720738374
1404720765559
1404720776479
1404721539503
1404721579162
1404721590202
1404722375578
1404722402835
1404722413597
1404723155349
1404723182431
1404723194005
1404724027713
1404724054879
1404724065550
1404724839301
1404724866544
1404724877474
1404725698526
1404725725757
1404725736671
1404731254942
1404731282239
1404731293139
1404732148242
1404732175433
1404732186556
1404734474966
1404734502326
1404734513097
1404735370457
1404735397735
1404735408649
1404736168352
1404736207764
1404736218707
1404737012199
1404737039644
1404737050562
1404737828096
1404737855388
1404737866417
1404738648676
1404738675992
1404739489980
1404739517271
1404739528170
1404740321909
1404740349104
1404740360057
1404741202440
1404741229719
1404741240460
1404742025675
1404742052868
1404742064089
1404744786612
1404744813877
1404744824848
1404745660180
1404745687449
1404745698012
1404746488567
1404746515926
1404747326792
1404747366748
1404747377694
1404748199435
1404748226702
1404748237584
1404805876272
1404805903598
1404805914170
1404806657890
1404806685109
1404806696026
1404807474745
1404807501893
1404808359527
1404808386733
1404814120331
1404814147626
1404814147680
1404837373548
1404837400894
1404837400943
1404838005203
1404838032571
1404838032620
1404838638143
1404838665522
1404838665583
1404839270974
1404839298342
1404839298402
1404839903726
1404839931101
1404839931154
1404840536598
1404840564045
1404840564103
1404841169967
1404841197352
1404841197404
1404841805673
1404841833041
1404841833101
1404842441203
1404842468583
1404842468636
1404843077028
1404843104402
1404843104455
1404843699833
1404843727409
1404843737910
1404844326318
1404844353992
1404844364317
1404844945485
1404844973153
1404844983681
1404845564236
1404845591932
1404846185379
1404846213024
1404846223639
1404846804258
1404846831944
1404846842504
1404847425437
1404847453116
1404847463702
1404848045928
1404848073592
1404848084134
1404848677334
1404848704940
1404848715444
1404849297899
1404849325469
1404849335959
1404849931037
1404849959708
1404850599640
1404850628096
1404851232241
1404851260909
1404851912174
1404851940678
1404852576807
1404852605265
1404853214744
1404853243232
1404853866096
1404853894563
1404854520776
1404854548975
1404855158763
1404855187068
1404855793447
1404855822058
1404856500574
1404856540970
1404857163042
1404857193008
1404857835571
1404857865398
1404858553388
1404858583093
1404859265012
1404859295131
1404859979142
1404860008972
1404860695938
1404860725965
1404861358425
1404861388524
1404862022853
1404862053289
1404862699477
1404862729275
1404863502720
1404863534607
1404864215231
1404864246825
1404864950693
1404864981600
1404865671309
1404865702776
1404866391314
1404866422240
1404867147295
1404867187814
1404867198624
1404867899492
1404867930292
1404868640227
1404868680809
1404868691765
1404869348574
1404869379743
1404870060612
1404870091519
1404870877527
1404870925059
1404871676928
1404871715290
1404872525178
1404872573808
1404873313412
1404873351233
1404874099272
1404874136903
1404874956790
1404874994266
1404875730791
1404875768613
1404876595032
1404876651077
1404876661529
1404877466205
1404877514172
1404878333759
1404878400655
1404878411231
1404895175084
1404895202299
1404895202358
1404895805653
1404895833011
1404895833061
1404896432683
1404896460068
1404896460126
1404897064032
1404897091303
1404897091350
1404897687553
1404897714934
1404897714992
1404898319964
1404898347302
1404898347356
1404898951277
1404898978473
1404898978534
1404899591746
1404899619031
1404899619090
1404900224426
1404900251809
1404900251864
1404900860453
1404900887829
1404900887887
1404901501093
1404901528590
1404901538899
1404902123718
1404902151231
1404902162061
1404902741528
1404902769165
1404902779582
1404903363042
1404903390579
1404903401081
1404903999068
1404904026554
1404904037073
1404904621326
1404904648753
1404904659313
1404905243527
1404905271142
1404905281749
1404905864970
1404905892540
1404906489539
1404906517037
1404906527741
1404907109233
1404907136754
1404907147200
1404907740770
1404907769637
1404908374398
1404908402835
1404909007980
1404909036220
1404909657188
1404909685541
1404910289779
1404910318069
1404910939021
1404910967252
1404911599978
1404911628141
1404912233854
1404912262076
1404912881790
1404912910247
1404913530217
1404913558315
1404914199491
1404914229270
1404914930787
1404914960798
1404915601548
1404915631551
1404916277550
1404916307318
1404916973185
1404917003264
1404917631052
1404917661099
1404918325360
1404918355222
1404919023145
1404919053443
1404919692396
1404919722546
1404920380630
1404920410639
1404921079168
1404921110687
1404921803967
1404921835010
1404922545083
1404922576194
1404923330262
1404923361821
1404924031218
1404924062181
1404924736784
1404924767807
1404925470304
1404925501499
1404926246572
1404926277362
1404926974283
1404927005844
1404927738959
1404927781301
1404927792229
1404928546892
1404928593154
1404928603719
1404929400410
1404929461108
1404930283055
1404930320824
1404931084536
1404931116828
1404931847679
1404931885019
1404932692553
1404932730520
1404933498833
1404933552006
1404934313444
1404934374778
1404934385464
1404935196246
1404935233802
1404936039038
1404936092472
1404936700321
1404936727656
1404936727710
1404937332532
1404937359857
1404937359909
1404937963615
1404937990926
1404938594658
1404938621952
1404938621999
1404939226895
1404939254218
1404939858655
1404939885995
1404939886052
1404940497781
1404940525122
1404940525182
1404941130479
1404941157848
1404941157907
1404941762545
1404941789886
1404941789938
1404942394361
1404942421741
1404942421795
1404943034130
1404943061634
1404943071989
1404943653571
1404943681119
1404944279406
1404944306996
1404944317458
1404944898732
1404944926276
1404944936872
1404945517780
1404945545418
1404945555903
1404946137041
1404946164589
1404946175070
1404946755873
1404946783471
1404946793889
1404947374914
1404947402301
1404947412785
1404947994823
1404948022613
1404948033026
1404948614282
1404948641862
1404948652475
1404949247672
1404949276019
1404949885774
1404949914130
1404950518198
1404950546632
1404951157762
1404951186561
1404951795871
1404951824310
1404952441261
1404952469873
1404953079090
1404953107702
1404953717513
1404953746122
1404954354628
1404954383465
1404954990558
1404955018748
1404955670423
1404955700446
1404956336603
1404956366189
1404957015520
1404957045510
1404957702373
1404957744804
1404958391914
1404958432257
1404959087077
1404959117036
1404959743353
1404959773486
1404960400148
1404960430137
1404961071182
1404961100848
1404961738294
1404961767680
1404962460446
1404962491639
1404963204752
1404963236101
1404963948614
1404963980098
1404964686106
1404964717495
1404965442390
1404965473569
1404966142664
1404966173888
1404966917364
1404966948287
1404967660091
1404967697675
1404968414263
1404968454352
1404968465360
1404969156545
1404969187963
1404969979392
1404970017328
1404970773743
1404970812029
1404971582075
1404971619777
1404972419729
1404972457963
1404973216425
1404973254664
1404974020157
1404974058006
1404974816208
1404974848497
1404975611181
1404975656794
1404975667330
1404976437128
1404976469376
1404977242242
1404977279824
1404985437612
1404985465056
1404986068815
1404986095988
1404986096044
1404986690855
1404986718065
1404986718124
1404987323441
1404987350490
1404987350549
1404987955467
1404987982820
1404987982877
1404988580622
1404988608022
1404988608072
1404989219996
1404989247381
1404989247438
1404989861436
1404989888892
1404989888945
1404990495453
1404990522841
1404990522895
1404991132643
1404991159814
1404991159869
1404991749177
1404991776852
1404991787347
1404992372433
1404992400092
1404992410619
1404992993683
1404993021140
1404993031867
1404993623931
1404993651394
1404993661788
1404994243037
1404994270693
1404994281064
1404994861872
1404994889692
1404994900173
1404995498858
1404995526603
1404995537034
1404996117802
1404996145308
1404996155717
