1404306758129
1404307489505
1404308223729
1404308932830
1404309757984
1404311383184
1404312123518
1404312988191
1404313736180
1404315667026
1404316409913
1404317347418
1404372254315
1404372878371
1404374797820
1404375800332
1404376356533
1404377591952
1404378203070
1404380357502
1404380974926
1404381603655
1404382223164
1404382853286
1404383475756
1404384100446
1404384719110
1404385344393
1404385980461
1404386602246
1404387227148
1404387846537
1404388465306
1404389039554
1404389662203
1404390289001
1404390909191
1404391529938
1404392151414
1404392769418
1404393388370
1404394011910
1404394630135
1404395276269
1404395891017
1404396504810
1404397117499
1404397728770
1404398340991
1404398956339
1404399583528
1404400196782
1404400809737
1404401423979
1404402031493
1404402657097
1404403271358
1404403884825
1404404497681
1404405127258
1404405755987
1404406385682
1404407015465
1404407653882
1404408289521
1404408943962
1404409582853
1404410211856
1404410843357
1404411487744
1404412119876
1404412753804
1404413391332
1404414033959
1404414667229
1404415295786
1404415930546
1404416573001
1404417209474
1404417895330
1404418556853
1404419225798
1404419938767
1404420653283
1404421356704
1404422045715
1404422730585
1404423416620
1404424108125
1404424827165
1404425511688
1404426229666
1404426897570
1404427579197
1404428283544
1404428969403
1404429639780
1404430316589
1404431000174
1404431738221
1404432474525
1404433232154
1404433950212
1404434723407
1404435452411
1404436172348
1404436946867
1404437659385
1404438415234
1404439165756
1404439910551
1404440645049
1404441428421
1404442211370
1404442974873
1404443731575
1404444454345
1404445257539
1404446025285
1404446850699
1404447707380
1404448518529
1404449393397
1404450258480
1404451112297
1404451955274
1404452801733
1404453641438
1404454474785
1404455303177
1404456159850
1404457041001
1404457932863
1404458800574
1404487315267
1404487941248
1404488568346
1404489206626
1404489835552
1404490465849
1404491094776
1404491723217
1404492345272
1404492972918
1404493600185
1404494239999
1404494866758
1404495496452
1404496119696
1404496743817
1404497367480
1404497999820
1404498624556
1404499254146
1404499879018
1404500497546
1404501114942
1404501733003
1404502354974
1404502977978
1404503599527
1404504216678
1404504839209
1404505455587
1404506074139
1404506696439
1404507317155
1404507935304
1404508553899
1404509172325
1404509797028
1404510418845
1404511041218
1404511659219
1404512308673
1404512965206
1404513628865
1404514288815
1404514949453
1404515602270
1404516257467
1404516919334
1404517591400
1404518261231
1404518897324
1404519539232
1404520190422
1404520849046
1404521491680
1404522175143
1404522812922
1404523460287
1404524101406
1404524758791
1404525501286
1404526208442
1404526967827
1404527680895
1404528378480
1404529105297
1404529847599
1404530558464
1404531285573
1404532028158
1404532731719
1404533469102
1404534165400
1404534873472
1404535631586
1404536339251
1404537121769
1404537815700
1404538549557
1404539302211
1404540082972
1404540949111
1404541826368
1404542694501
1404543611224
1404544489288
1404545275119
1404546087246
1404546944798
1404547784408
1404548625363
1404549395124
1404550247734
1404551149260
1404551957779
1404552722108
1404553620244
1404554401207
1404555313657
1404556151455
1404557080906
1404558080484
1404559123741
1404560095466
1404561093986
1404562109404
1404563114931
1404564112336
1404565091737
1404566035345
1404567115189
1404568186448
1404569294394
1404570257614
1404571292153
1404572268887
1404573251189
1404574142841
1404575242608
1404576264857
1404719675423
1404720496260
1404721302849
1404722153931
1404722949815
1404723803438
1404724586980
1404725439504
1404726372338
1404731885028
1404734258880
1404735121657
1404735957385
1404736782602
1404737608222
1404738425705
1404739261279
1404740105409
1404740913678
1404741773571
1404744538795
1404745416546
1404746252170
1404747106257
1404747975874
1404805635295
1404806445387
1404807247604
1404808116355
1404813925733
1404837175242
1404837805351
1404838439003
1404839071869
1404839704462
1404840337546
1404840969902
1404841605608
1404842240975
1404842876979
1404843507288
1404844128933
1404844752804
1404845371775
1404845992885
1404846611408
1404847231006
1404847853619
1404848484852
1404849103557
1404849737614
1404850388997
1404851034052
1404851706429
1404852383938
1404853021109
1404853673134
1404854327598
1404854965817
1404855598679
1404856294018
1404856968937
1404857641683
1404858344879
1404859045943
1404859759969
1404860489716
1404861164646
1404861829102
1404862505503
1404863260657
1404864009814
1404864737860
1404865446641
1404866170331
1404866931082
1404867663142
1404868438457
1404869148266
1404869839717
1404870609509
1404871431297
1404872298562
1404873074091
1404873857632
1404874713560
1404875486018
1404876338354
1404877197747
1404878082820
1404894977857
1404895605871
1404896234715
1404896865204
1404897491095
1404898120033
1404898753481
1404899389201
1404900024255
1404900660235
1404901308088
1404901928380
1404902549757
1404903170833
1404903793333
1404904427409
1404905049924
1404905671097
1404906294762
1404906916946
1404907548109
1404908179804
1404908814836
1404909463708
1404910095167
1404910745922
1404911404473
1404912039169
1404912688484
1404913332413
1404914004182
1404914722288
1404915406675
1404916059497
1404916767193
1404917437221
1404918131138
1404918828853
1404919497635
1404920181741
1404920872922
1404921586870
1404922321933
1404923088559
1404923808430
1404924519046
1404925259619
1404926025896
1404926753211
1404927523384
1404928321333
1404929159391
1404930022848
1404930847583
1404931628633
1404932432694
1404933230692
1404934051490
1404934932698
1404935784201
1404936501087
1404937134042
1404937765291
1404938395863
1404939027619
1404939659367
1404940290049
1404940931764
1404941563428
1404942195410
1404942837533
1404943460804
1404944082912
1404944705994
1404945325370
1404945944514
1404946563165
1404947182508
1404947802054
1404948421742
1404949054234
1404949687680
1404950324775
1404950964795
1404951602946
1404952235381
1404952886370
1404953524424
1404954161491
1404954797474
1404955476465
1404956142798
1404956817858
1404957508211
1404958196080
1404958888154
1404959545097
1404960206431
1404960877508
1404961532140
1404962249432
1404962991813
1404963721861
1404964485599
1404965236302
1404965924541
1404966678539
1404967443118
1404968190158
1404968937298
1404969753757
1404970534505
1404971319862
1404972150563
1404972952255
1404973784255
1404974551578
1404975368432
1404976169099
1404977014930
1404985237359
1404985872507
1404986494435
1404987123479
1404987755057
1404988383650
1404989020580
1404989657187
1404990295402
1404990930037
1404991554791
1404992179746
1404992800620
1404993431155
1404994050704
1404994669614
1404995306197
1404995923246
