1404307383230
1404307414915
1404308098556
1404308135148
1404308145695
1404308801003
1404308852495
1404308862964
1404309609931
1404309661510
1404311242180
1404311291984
1404312000680
1404312032107
1404312880812
1404312912772
1404313602327
1404313659679
1404315559235
1404315591325
1404315602491
1404316279534
1404316310939
1404317252867
1404317277522
1404317277576
1404317876713
1404317901421
1404372782660
1404372807224
1404372807289
1404374245120
1404374269629
1404374269677
1404375707337
1404375731912
1404376263797
1404376288404
1404377498831
1404377523405
1404377534257
1404378109986
1404378134592
1404378145267
1404380261016
1404380285699
1404380285759
1404380881284
1404380905766
1404380905825
1404381506602
1404381531320
1404381531373
1404382128351
1404382153034
1404382756760
1404382781443
1404382781496
1404383378992
1404383403660
1404383403719
1404384004054
1404384028735
1404384028790
1404384622408
1404384647150
1404384647208
1404385249813
1404385274473
1404385274532
1404385883784
1404385908455
1404385908515
1404386507818
1404386532523
1404386532577
1404387130566
1404387155235
1404387155292
1404387752181
1404387776860
1404388370590
1404388395236
1404388943086
1404388967803
1404388967856
1404389567807
1404389592479
1404390194167
1404390218819
1404390218879
1404390814481
1404390839047
1404390839101
1404391434885
1404391459461
1404391459523
1404392055265
1404392079928
1404392079985
1404392676574
1404392701234
1404393293529
1404393317975
1404393918324
1404393942979
1404393954370
1404394535944
1404394560492
1404394571962
1404395181873
1404395206522
1404395218041
1404395797938
1404395822537
1404396412355
1404396436990
1404397025235
1404397049760
1404397636185
1404397660653
1404398248612
1404398273141
1404398862912
1404398887386
1404399489259
1404399513689
1404400104367
1404400129048
1404400717395
1404400742118
1404401331646
1404401356381
1404401939225
1404401963990
1404402564946
1404402589614
1404403178926
1404403203635
1404403792396
1404403817066
1404404405603
1404404430246
1404405034961
1404405059688
1404405070568
1404405663676
1404405688342
1404405699302
1404406293074
1404406317740
1404406922813
1404406947515
1404406958014
1404407561601
1404407586323
1404407597279
1404408197275
1404408221993
1404408232850
1404408851465
1404408876178
1404408886971
1404409490434
1404409515183
1404409526163
1404410119203
1404410143892
1404410750864
1404410775549
1404410786463
1404411394310
1404411418992
1404411429868
1404412022522
1404412047201
1404412058218
1404412661289
1404412685965
1404412696764
1404413294047
1404413318741
1404413329720
1404413941666
1404413966395
1404413977243
1404414574905
1404414599595
1404414610254
1404415203434
1404415228081
1404415238974
1404415832816
1404415857506
1404415868323
1404416480636
1404416505328
1404416516157
1404417117178
1404417141867
1404417152751
1404417776558
1404417814514
1404417825329
1404418449126
1404418479233
1404419123297
1404419153751
1404419836990
1404419861668
1404420540396
1404420583642
1404420594363
1404421257261
1404421287074
1404421934745
1404421977799
1404421988269
1404422628408
1404422658733
1404423314829
1404423344853
1404424006785
1404424031453
1404424727136
1404424757401
1404425409669
1404425439867
1404426127949
1404426157948
1404426796027
1404426826028
1404427484578
1404427509257
1404428183602
1404428213720
1404428867399
1404428897485
1404429537919
1404429567995
1404430216675
1404430246869
1404430892892
1404430923508
1404431607085
1404431643672
1404432348218
1404432392663
1404432403032
1404433117426
1404433154118
1404433841607
1404433872757
1404434596843
1404434628241
1404435343119
1404435374225
1404436047087
1404436096438
1404436106921
1404436822268
1404436868553
1404437549772
1404437581265
1404438291535
1404438322604
1404439029939
1404439074414
1404439085249
1404439781078
1404439825713
1404439827887
1404440516714
1404440553748
1404441303211
1404441334795
1404442066162
1404442102866
1404442839657
1404442891557
1404443622802
1404443653655
1404444342497
1404444373667
1404445103391
1404445148391
1404445884072
1404445936271
1404446672808
1404446738983
1404447548447
1404447600112
1404447610611
1404448397976
1404448435632
1404449248305
1404449311181
1404449321884
1404450117795
1404450163129
1404450981018
1404451019797
1404451831314
1404451869990
1404452669110
1404452720778
1404452731470
1404453512186
1404453544968
1404454351455
1404454389764
1404455164935
1404455210959
1404456027840
1404456065403
1404456075946
1404456906571
1404456952481
1404457795178
1404457848045
1404458679569
1404458717613
1404487218936
1404487243559
1404487243614
1404487843992
1404487868694
1404487868751
1404488471486
1404488496171
1404488496233
1404489109426
1404489134046
1404489134102
1404489742109
1404489766753
1404490370542
1404490395221
1404490997815
1404491022471
1404491022531
1404491628058
1404491652678
1404491652736
1404492248234
1404492272891
1404492272944
1404492876089
1404492900736
1404492900785
1404493505121
1404493529783
1404494142824
1404494167502
1404494167562
1404494771893
1404494796572
1404494796627
1404495399770
1404495424450
1404495424505
1404496024825
1404496049468
1404496649025
1404496673634
1404496673690
1404497270982
1404497295548
1404497295603
1404497903061
1404497927696
1404497927751
1404498529285
1404498553917
1404498553972
1404499156966
1404499181592
1404499181654
1404499785875
1404499810477
1404500404297
1404500428898
1404501021631
1404501046232
1404501639617
1404501664239
1404502261614
1404502286214
1404502879607
1404502904227
1404503506207
1404503530863
1404504123419
1404504148024
1404504745722
1404504770345
1404505362235
1404505386866
1404505980804
1404506005355
1404506599083
1404506623687
1404507223887
1404507248526
1404507841991
1404507866686
1404508460386
1404508485082
1404509079122
1404509103726
1404509703678
1404509728285
1404510321871
1404510346498
1404510947955
1404510972552
1404511565977
1404511590672
1404512215419
1404512240047
1404512250881
1404512859276
1404512896651
1404513535458
1404513560071
1404513570658
1404514195430
1404514220135
1404514231006
1404514856161
1404514880849
1404514891831
1404515509040
1404515533640
1404515544404
1404516164014
1404516188620
1404516199463
1404516825793
1404516850406
1404516860960
1404517498207
1404517522840
1404517533772
1404518167836
1404518192459
1404518203388
1404518804004
1404518828595
1404518839342
1404519445854
1404519470450
1404519481328
1404520097083
1404520121725
1404520132612
1404520755594
1404520780311
1404520791177
1404521398192
1404521422906
1404521433803
1404522077586
1404522102285
1404522113308
1404522719493
1404522744199
1404522755103
1404523366998
1404523391584
1404523402454
1404524008222
1404524032872
1404524043798
1404524665477
1404524690113
1404524700984
1404525367397
1404525414894
1404525425482
1404526097964
1404526132735
1404526143486
1404526871112
1404526895773
1404527578580
1404527608392
1404528270739
1404528308098
1404528318522
1404529003684
1404529033423
1404529728788
1404529764069
1404530445732
1404530488118
1404530498957
1404531168604
1404531211244
1404531917971
1404531952756
1404531963485
1404532626549
1404532661461
1404532672154
1404533368810
1404533398607
1404533409265
1404534047503
1404534094897
1404534768319
1404534803231
1404534813640
1404535527041
1404535556799
1404536242658
1404536267334
1404537019766
1404537049573
1404537718549
1404537743317
1404538447769
1404538477543
1404539186660
1404539221932
1404539232299
1404539951150
1404540001918
1404540012647
1404540818798
1404540867651
1404540878043
1404541664010
1404541714984
1404542560302
1404542601481
1404543476425
1404543528188
1404544333027
1404544374302
1404544384938
1404545155710
1404545192200
1404545956498
1404546005558
1404546016055
1404546792904
1404546864240
1404546874525
1404547656764
1404547698462
1404547709012
1404548495310
1404548544164
1404548554903
1404549277871
1404549319237
1404549329639
1404550092711
1404550164559
1404551029745
1404551066369
1404551827552
1404551876138
1404551886418
1404552602545
1404552639299
1404553473871
1404553515949
1404554258875
1404554315072
1404554325775
1404555172147
1404555213609
1404555224241
1404556028616
1404556070325
1404556080776
1404556942390
1404556994682
1404557914334
1404557957073
1404558942649
1404559035489
1404559045946
1404559951502
1404559994390
1404560953701
1404560990971
1404561963410
1404562021333
1404562031777
1404562950660
1404562993938
1404563947488
1404564029818
1404564040524
1404564950068
1404564997939
1404565904722
1404565947064
1404565957735
1404566972237
1404567027056
1404567037466
1404568000700
1404568077606
1404569153349
1404569195567
1404569206231
1404570111363
1404570169302
1404570180129
1404571135845
1404571184194
1404571194701
1404572116370
1404572174623
1404573089016
1404573144220
1404573154854
1404574000137
1404574043364
1404575090591
1404575134688
1404576113415
1404576173888
1404576184649
1404719556648
1404719592996
1404720378762
1404720414573
1404721154347
1404721200354
1404721211056
1404722022009
1404722072718
1404722825993
1404722861441
1404723680984
1404723722228
1404723733004
1404724444203
1404724480499
1404725297680
1404725333458
1404726229158
1404726265395
1404731766510
1404731802638
1404734120653
1404734161374
1404734172062
1404734952895
1404735021502
1404735032211
1404735820678
1404735861798
1404736634714
1404736690537
1404736701101
1404737485120
1404737526954
1404737537590
1404738263066
1404738304536
1404738315739
1404739127203
1404739163757
1404739966015
1404740007259
1404740017967
1404740771086
1404740827366
1404740837805
1404741620398
1404741682179
1404741692663
1404744406147
1404744441859
1404745264141
1404745300088
1404746114411
1404746171411
1404746182247
1404746955413
1404746991294
1404747839109
1404747880747
1404805497466
1404805548788
1404806325973
1404806361929
1404807079605
1404807136189
1404807972769
1404808029866
1404808041168
1404813830447
1404813855104
1404814453507
1404837077038
1404837104418
1404837104478
1404837708631
1404837736017
1404837736068
1404838341998
1404838369350
1404838369410
1404838975212
1404839002569
1404839002629
1404839607449
1404839634832
1404839634885
1404840240672
1404840268102
1404840268160
1404840872609
1404840900041
1404840900102
1404841508111
1404841535550
1404841535610
1404842143732
1404842171090
1404842171145
1404842779521
1404842806885
1404842806940
1404843413596
1404843441204
1404844032236
1404844059672
1404844658927
1404844686509
1404845277721
1404845305330
1404845898731
1404845926287
1404846517408
1404846544943
1404847137186
1404847164794
1404847759523
1404847787226
1404848390823
1404848418524
1404849009686
1404849037301
1404849643233
1404849672024
1404850289615
1404850318091
1404850939548
1404850968165
1404851599529
1404851628093
1404852289632
1404852318299
1404852926752
1404852955154
1404853578903
1404853607659
1404854233464
1404854261953
1404854871305
1404854899724
1404855504241
1404855532794
1404856181549
1404856216506
1404856874381
1404856903951
1404857538534
1404857568498
1404857579066
1404858227749
1404858270848
1404858281402
1404858925145
1404858975115
1404859665229
1404859694664
1404860370748
1404860420620
1404861057737
1404861095532
1404861106258
1404861724782
1404861759538
1404862409894
1404862439590
1404863125916
1404863170738
1404863181375
1404863901912
1404863938261
1404864610126
1404864647259
1404864657826
1404865323909
1404865375324
1404866063042
1404866098532
1404866772827
1404866842676
1404866853267
1404867555508
1404867591961
1404868288743
1404868340249
1404869028567
1404869072974
1404869083710
1404869731492
1404869768286
1404870498909
1404870536616
1404871302606
1404871354063
1404871364519
1404872132457
1404872208746
1404872928475
1404872991855
1404873002854
1404873732475
1404873780458
1404873791050
1404874549240
1404874609657
1404874620355
1404875360803
1404875408566
1404875419066
1404876182715
1404876245855
1404877053578
1404877119782
1404877130804
1404877926515
1404877991981
1404878002750
1404894882427
1404894909580
1404894909647
1404895508618
1404895536023
1404895536080
1404896136653
1404896164039
1404896164098
1404896770419
1404896797605
1404896797669
1404897395254
1404897422578
1404897422638
1404898022897
1404898050319
1404898050378
1404898657750
1404898685032
1404898685084
1404899293426
1404899320698
1404899320758
1404899927181
1404899954481
1404899954539
1404900562778
1404900590143
1404900590195
1404901214245
1404901241798
1404901834205
1404901861830
1404902455926
1404902483365
1404903077200
1404903104673
1404903699622
1404903727029
1404904333170
1404904360719
1404904954988
1404904982480
1404905577016
1404905604702
1404906200535
1404906228024
1404906822579
1404906850030
1404907453881
1404907482508
1404908085173
1404908113839
1404908721398
1404908749675
1404909369241
1404909397634
1404910000969
1404910029279
1404910651623
1404910680172
1404911310256
1404911338794
1404911945075
1404911973498
1404912578857
1404912607418
1404913226314
1404913254756
1404913903559
1404913938604
1404914622089
1404914656899
1404915306675
1404915341427
1404915964189
1404915993466
1404916667175
1404916701924
1404917336778
1404917366091
1404918036396
1404918065992
1404918702155
1404918752156
1404919385132
1404919428435
1404919439049
1404920081272
1404920110790
1404920761924
1404920798770
1404921454175
1404921500565
1404922199691
1404922246668
1404922257190
1404922954064
1404923012793
1404923023341
1404923700251
1404923737190
1404924411599
1404924447329
1404925151515
1404925187765
1404925906367
1404925942369
1404926628431
1404926665501
1404926676032
1404927385763
1404927437305
1404928169828
1404928228640
1404929011277
1404929062193
1404929072596
1404929876282
1404929940106
1404929950973
1404930711557
1404930769215
1404931501475
1404931549709
1404931560242
1404932296102
1404932351050
1404933115137
1404933153728
1404933164494
1404933935485
1404933978897
1404934793572
1404934851503
1404935666892
1404935710137
1404936400217
1404936427577
1404936427638
1404937036968
1404937064365
1404937064418
1404937668186
1404937695510
1404937695562
1404938299296
1404938326583
1404938326640
1404938930666
1404938958015
1404938958068
1404939562594
1404939589948
1404940193264
1404940220601
1404940220670
1404940834680
1404940862011
1404940862071
1404941466779
1404941494137
1404941494194
1404942098917
1404942126262
1404942126319
1404942742203
1404942769878
1404943366640
1404943394193
1404943987852
1404944015414
1404944611836
1404944639432
1404945231424
1404945259016
1404945850456
1404945878064
1404946469557
1404946497121
1404947088588
1404947116072
1404947708173
1404947735719
1404948327609
1404948355280
1404948959976
1404948988605
1404949593214
1404949622026
1404950230703
1404950259605
1404950870319
1404950898612
1404951508582
1404951537147
1404952140923
1404952169367
1404952791405
1404952820200
1404953429962
1404953458374
1404954067239
1404954096048
1404954699672
1404954727984
1404955376291
1404955411431
1404956048033
1404956077689
1404956705020
1404956740199
1404957407995
1404957442980
1404958095978
1404958130765
1404958793554
1404958822893
1404959450284
1404959479965
1404960106222
1404960141172
1404960762101
1404960812498
1404961437601
1404961467138
1404962126541
1404962162528
1404962859056
1404962894620
1404963598912
1404963635225
1404964360988
1404964405086
1404964415709
1404965115015
1404965165808
1404965817398
1404965853332
1404966571239
1404966607205
1404967323964
1404967367539
1404967378051
1404968082191
1404968118912
1404968829830
1404968866207
1404969600784
1404969669070
1404970418529
1404970461767
1404971203543
1404971246812
1404972015039
1404972072627
1404972821712
1404972859984
1404972870364
1404973641257
1404973692052
1404973702645
1404974435218
1404974473434
1404975247443
1404975289911
1404976059617
1404976096717
1404976877439
1404976928268
1404976939080
1404985140688
1404985167917
1404985167977
1404985775325
1404985802663
1404985802717
1404986398392
1404986425535
1404986425592
1404987026460
1404987053747
1404987053800
1404987658059
1404987685443
1404987685504
1404988288204
1404988315417
1404988315472
1404988923185
1404988950528
1404988950582
1404989559883
1404989587243
1404989587301
1404990199345
1404990226682
1404990226749
1404990833350
1404990860684
1404990860741
1404991461142
1404991488454
1404992085593
1404992113232
1404992706786
1404992734315
1404993337329
1404993364874
1404993956617
1404993984068
1404994575848
1404994603509
1404995199559
1404995237302
1404995829324
1404995856798
