1404306990070
1404307713822
1404308431274
1404309140712
1404309971819
1404311589206
1404312484105
1404313208064
1404313962586
1404315884703
1404316622001
1404317546657
1404372453144
1404373913561
1404374993209
1404376895411
1404377783319
1404378396890
1404380553669
1404381171310
1404381798153
1404382419998
1404383047537
1404383672434
1404384294528
1404384917805
1404385543033
1404386179571
1404386800789
1404387427039
1404388038883
1404388613962
1404389235452
1404389858306
1404390483321
1404391104473
1404391726140
1404392345742
1404392960531
1404393579777
1404394203224
1404394837041
1404395467665
1404396082128
1404396695071
1404397308330
1404397919016
1404398531568
1404399152182
1404399773898
1404400386709
1404400999837
1404401614044
1404402221389
1404402847257
1404403461424
1404404075122
1404404688033
1404405317357
1404405946061
1404406576006
1404407205670
1404407843961
1404408479598
1404409147338
1404409772995
1404410407534
1404411033761
1404411677708
1404412309471
1404412943919
1404413594610
1404414223853
1404414857310
1404415485785
1404416133736
1404416763850
1404417399345
1404418085675
1404418760313
1404419446329
1404420142058
1404420856764
1404421560107
1404422235811
1404422920941
1404423608215
1404424311697
1404425030809
1404425717363
1404426432768
1404427087718
1404427769561
1404428473861
1404429159641
1404429830090
1404430529307
1404431190346
1404431962412
1404432688222
1404433450718
1404434174578
1404434929830
1404435662596
1404436407416
1404437154583
1404437881618
1404438639608
1404439386032
1404440120243
1404440850396
1404441660741
1404442432005
1404443195809
1404443933509
1404444677271
1404445486722
1404446236678
1404447117203
1404447949753
1404448774144
1404449666322
1404450494523
1404451388187
1404452220512
1404453071109
1404453892040
1404454734034
1404455542174
1404456441250
1404457332722
1404458191462
1404459056453
1404487510522
1404488138106
1404488765905
1404489410030
1404490037079
1404490662985
1404491293759
1404491918641
1404492542854
1404493170105
1404493802933
1404494437196
1404495063498
1404495691894
1404496317073
1404496941602
1404497566386
1404498199342
1404498821864
1404499449981
1404500071347
1404500689384
1404501306647
1404501925072
1404502546851
1404503174796
1404503791512
1404504408921
1404505031141
1404505647929
1404506266204
1404506888431
1404507509023
1404508127377
1404508746045
1404509366791
1404509988969
1404510610729
1404511233233
1404511851321
1404512500519
1404513157186
1404513820612
1404514489299
1404515141447
1404515809214
1404516449539
1404517136908
1404517783341
1404518453122
1404519089271
1404519744097
1404520386304
1404521041229
1404521696517
1404522367228
1404523004911
1404523652423
1404524306440
1404524950827
1404525695188
1404526412971
1404527159701
1404527872978
1404528570325
1404529313858
1404530052569
1404530752144
1404531490315
1404532233297
1404532938884
1404533660928
1404534364065
1404535065499
1404535823786
1404536544271
1404537313592
1404538020852
1404538741661
1404539507214
1404540305533
1404541162606
1404542070853
1404542924901
1404543837163
1404544723523
1404545520161
1404546317639
1404547184110
1404548006155
1404548846888
1404549601680
1404550541418
1404551367273
1404552168673
1404553012084
1404553842805
1404554648850
1404555555664
1404556370388
1404557384299
1404558402407
1404559444266
1404560391133
1404561405036
1404562417576
1404563405949
1404564395068
1404565378065
1404566343624
1404567453062
1404568549117
1404569579527
1404570537496
1404571599506
1404572559911
1404573514523
1404574449225
1404575594552
1404576659252
1404719914054
1404720738348
1404721539479
1404722375577
1404723155348
1404724027484
1404724839300
1404725698526
1404731254880
1404732148219
1404734474949
1404735370456
1404736168351
1404737012198
1404737828095
1404738648675
1404739489979
1404740321909
1404741202439
1404742025674
1404744786557
1404745660179
1404746488566
1404747326791
1404748199434
1404805876216
1404806657870
1404807474724
1404808359526
1404814120301
1404837373492
1404838005202
1404838638142
1404839270974
1404839903725
1404840536598
1404841169966
1404841805672
1404842441202
1404843077027
1404843699832
1404844326317
1404844945484
1404845564235
1404846185379
1404846804257
1404847425436
1404848045927
1404848677333
1404849297898
1404849931036
1404850599639
1404851232240
1404851912173
1404852576806
1404853214743
1404853866096
1404854520775
1404855158762
1404855793446
1404856500573
1404857163041
1404857835570
1404858553387
1404859265011
1404859979141
1404860695937
1404861358424
1404862022852
1404862699476
1404863502719
1404864215230
1404864950692
1404865671308
1404866391313
1404867147294
1404867899491
1404868640227
1404869348573
1404870060611
1404870877526
1404871676927
1404872525178
1404873313411
1404874099271
1404874956790
1404875730791
1404876595031
1404877466204
1404878333758
1404895175026
1404895805652
1404896432682
1404897064031
1404897687552
1404898319963
1404898951276
1404899591745
1404900224425
1404900860452
1404901501093
1404902123717
1404902741527
1404903363042
1404903999067
1404904621325
1404905243526
1404905864969
1404906489538
1404907109233
1404907740769
1404908374397
1404909007980
1404909657187
1404910289760
1404910939020
1404911599977
1404912233853
1404912881789
1404913530216
1404914199490
1404914930787
1404915601548
1404916277549
1404916973184
1404917631051
1404918325359
1404919023145
1404919692396
1404920380629
1404921079167
1404921803966
1404922545083
1404923330261
1404924031218
1404924736783
1404925470303
1404926246572
1404926974282
1404927738958
1404928546891
1404929400409
1404930283054
1404931084535
1404931847678
1404932692553
1404933498832
1404934313443
1404935196245
1404936039037
1404936700320
1404937332531
1404937963614
1404938594657
1404939226894
1404939858654
1404940497781
1404941130478
1404941762545
1404942394360
1404943034129
1404943653571
1404944279405
1404944898731
1404945517779
1404946137040
1404946755872
1404947374913
1404947994822
1404948614281
1404949247671
1404949885773
1404950518197
1404951157761
1404951795870
1404952441261
1404953079089
1404953717512
1404954354627
1404954990557
1404955670422
1404956336602
1404957015520
1404957702372
1404958391913
1404959087076
1404959743353
1404960400148
1404961071181
1404961738293
1404962460445
1404963204751
1404963948613
1404964686105
1404965442390
1404966142663
1404966917363
1404967660090
1404968414262
1404969156544
1404969979391
1404970773743
1404971582074
1404972419728
1404973216424
1404974020156
1404974816207
1404975611180
1404976437127
1404977242241
1404985437586
1404986068803
1404986690854
1404987323440
1404987955466
1404988580622
1404989219995
1404989861435
1404990495452
1404991132642
1404991749162
1404992372432
1404992993682
1404993623930
1404994243036
1404994861871
1404995498857
1404996117801
