1404307435928
1404307467629
1404307478473
1404308156563
1404308202718
1404308213228
1404308874687
1404308911605
1404308922223
1404309684479
1404309734570
1404311314374
1404311357657
1404312054035
1404312100982
1404312934618
1404312966260
1404313682709
1404313714182
1404315613432
1404315645046
1404315655771
1404316331889
1404316387844
1404316398712
1404317300895
1404317326035
1404372207703
1404372232841
1404372830219
1404372855222
1404372855276
1404374292146
1404374317115
1404375753551
1404375778563
1404376310011
1404376335046
1404377545120
1404377570153
1404377581293
1404378156313
1404378181378
1404378192447
1404380308967
1404380334101
1404380334156
1404380927415
1404380952316
1404380952375
1404381554919
1404381580170
1404381580220
1404382174451
1404382199554
1404382199615
1404382804732
1404382829878
1404382829939
1404383427065
1404383452186
1404383452247
1404384052055
1404384077181
1404384077235
1404384670419
1404384695560
1404384695616
1404385297848
1404385322990
1404385931893
1404385957119
1404385957175
1404386555892
1404386581013
1404387178435
1404387203608
1404387203664
1404387798162
1404387823334
1404387823392
1404388417118
1404388442140
1404388442196
1404388991118
1404389016249
1404389016311
1404389614207
1404389639197
1404389639257
1404390242043
1404390267171
1404390861828
1404390886791
1404390886850
1404391482285
1404391507326
1404391507381
1404392103042
1404392128174
1404392128235
1404392722791
1404392747758
1404393339658
1404393364620
1404393965605
1404393990479
1404394583280
1404394608269
1404395228944
1404395254009
1404395265782
1404395844180
1404395869214
1404396458365
1404396483449
1404397071010
1404397096036
1404397682381
1404397707265
1404398294566
1404398319554
1404398908926
1404398933802
1404399536274
1404399561169
1404400150270
1404400175387
1404400763360
1404400788491
1404401377593
1404401402732
1404401985156
1404402010282
1404402610918
1404402636048
1404403224977
1404403250101
1404403838401
1404403863526
1404404451263
1404404476435
1404405080911
1404405106052
1404405117053
1404405709577
1404405734719
1404405745750
1404406339174
1404406364297
1404406375031
1404406968973
1404406994093
1404407607515
1404407632725
1404408243080
1404408268291
1404408279320
1404408897611
1404408922753
1404409536401
1404409561561
1404409572519
1404410165248
1404410190458
1404410201217
1404410796759
1404410821887
1404410832959
1404411441316
1404411466502
1404412073248
1404412098474
1404412707221
1404412732392
1404413339937
1404413365076
1404413375944
1404413987620
1404414012772
1404414023666
1404414620821
1404414645996
1404415249317
1404415274526
1404415878747
1404415903948
1404415914996
1404416526634
1404416551760
1404416562742
1404417163119
1404417188260
1404417199188
1404417835913
1404417874239
1404417884888
1404418502599
1404418533523
1404419177232
1404419202372
1404419884825
1404419915354
1404420604883
1404420630005
1404421310343
1404421335479
1404421346049
1404421999286
1404422024442
1404422035107
1404422682091
1404422707224
1404423368138
1404423393293
1404424054873
1404424080011
1404424780805
1404424805910
1404424816736
1404425463290
1404425488426
1404426181241
1404426206362
1404426849041
1404426874179
1404427532696
1404427557852
1404427568401
1404428237123
1404428262258
1404428272875
1404428920805
1404428946021
1404429591311
1404429616436
1404430270123
1404430295290
1404430305739
1404430946636
1404430976944
1404431666957
1404431716969
1404431727605
1404432414003
1404432450989
1404433177395
1404433208797
1404433896046
1404433927018
1404434651712
1404434702253
1404434712737
1404435397511
1404435429202
1404436117712
1404436149123
1404436891936
1404436923585
1404437604675
1404437636162
1404438345934
1404438391910
1404439095766
1404439142215
1404439851283
1404439882927
1404440577142
1404440623803
1404440634483
1404441358194
1404441404938
1404442126107
1404442190064
1404442200615
1404442915020
1404442951531
1404443676952
1404443708243
1404444399628
1404444430924
1404445171727
1404445236257
1404445246808
1404445959623
1404446003894
1404446014682
1404446762266
1404446829394
1404446840143
1404447621406
1404447684023
1404448458897
1404448497264
1404448508093
1404449332383
1404449370319
1404450186658
1404450234994
1404451043089
1404451089118
1404451893340
1404451931748
1404452741970
1404452780251
1404452790808
1404453568303
1404453620073
1404453630585
1404454413286
1404454451461
1404455234200
1404455281921
1404455292670
1404456086666
1404456138554
1404456149100
1404456975995
1404457019681
1404457030126
1404457871402
1404457909538
1404458740896
1404458777990
1404487267105
1404487292132
1404487292188
1404487892348
1404487917471
1404487917531
1404488519935
1404488545022
1404488545083
1404489157726
1404489182882
1404489182930
1404489788541
1404489813625
1404490417054
1404490442197
1404490442258
1404491045991
1404491071068
1404491071121
1404491676399
1404491701506
1404492296460
1404492321559
1404492321615
1404492924200
1404492949348
1404492949407
1404493551580
1404493576652
1404493576707
1404494191210
1404494216288
1404494216343
1404494819836
1404494844922
1404495448124
1404495473171
1404495473234
1404496071216
1404496096215
1404496096266
1404496696981
1404496722096
1404497319029
1404497344117
1404497344178
1404497951397
1404497976448
1404497976507
1404498577651
1404498602753
1404499205242
1404499230353
1404499230411
1404499832111
1404499857192
1404500450867
1404500475893
1404501067972
1404501093107
1404501686068
1404501711175
1404502308087
1404502333174
1404502931014
1404502956053
1404503552647
1404503577779
1404504169767
1404504194856
1404504792200
1404504817339
1404505408561
1404505433736
1404506027189
1404506052252
1404506649525
1404506674562
1404507270214
1404507295295
1404507888462
1404507913552
1404508506907
1404508532065
1404509125487
1404509150602
1404509750121
1404509775219
1404510372047
1404510397115
1404510994380
1404511019417
1404511612509
1404511637565
1404512261883
1404512286998
1404512297810
1404512918481
1404512943503
1404512954687
1404513581923
1404513607027
1404513617943
1404514241777
1404514266958
1404514902551
1404514927608
1404514938531
1404515555462
1404515580570
1404515591599
1404516210479
1404516235681
1404516246686
1404516872364
1404516897480
1404516908428
1404517544550
1404517569597
1404517580615
1404518214266
1404518239365
1404518250354
1404518850483
1404518875568
1404518886577
1404519492311
1404519517405
1404520143559
1404520168681
1404520179700
1404520802213
1404520827422
1404520838469
1404521444790
1404521469933
1404522124091
1404522149160
1404522160049
1404522765950
1404522791063
1404522802055
1404523413362
1404523438423
1404523449387
1404524054530
1404524079593
1404524090708
1404524711884
1404524736930
1404525436748
1404525474619
1404525485431
1404526154465
1404526184763
1404526919395
1404526944496
1404527632016
1404527657069
1404528330024
1404528355099
1404529056872
1404529081917
1404529787696
1404529825842
1404529836622
1404530509943
1404530535014
1404531236988
1404531262026
1404531974548
1404531999672
1404532683186
1404532708283
1404533420466
1404533445604
1404534118409
1404534143476
1404534154100
1404534825075
1404534850222
1404535580384
1404535605476
1404535616063
1404536290614
1404536315671
1404537073186
1404537098287
1404537766825
1404537792023
1404538501117
1404538526161
1404539243785
1404539279038
1404540023653
1404540059720
1404540889518
1404540925931
1404541738221
1404541804581
1404541815098
1404542625008
1404542670959
1404543551739
1404543587747
1404544396185
1404544467430
1404544478101
1404545215825
1404545251790
1404546027401
1404546063731
1404546886074
1404546922051
1404547720298
1404547760744
1404548565941
1404548602077
1404549341013
1404549371898
1404550188185
1404550224343
1404551089824
1404551125973
1404551897908
1404551934309
1404552662443
1404552698645
1404553539078
1404553598362
1404553609118
1404554336688
1404554377901
1404555235438
1404555291820
1404555302324
1404556092169
1404556127872
1404557016456
1404557059230
1404557069853
1404557980541
1404558058606
1404558069219
1404559057233
1404559100263
1404560017958
1404560073721
1404560084387
1404561014461
1404561072103
1404561082947
1404562043197
1404562085860
1404563017362
1404563091330
1404564051539
1404564088996
1404565021524
1404565069840
1404565080425
1404565968704
1404566011782
1404567048967
1404567091872
1404568100866
1404568164564
1404568175001
1404569217329
1404569272470
1404569283105
1404570190986
1404570234096
1404571206056
1404571270246
1404571280541
1404572197856
1404572247032
1404572257596
1404573167291
1404573229560
1404573240322
1404574066911
1404574119513
1404575163223
1404575220867
1404575231613
1404576195690
1404576243044
1404576253581
1404719616680
1404719652461
1404720437417
1404720474056
1404721223094
1404721279871
1404722095732
1404722130928
1404722884778
1404722926273
1404723744596
1404723780449
1404724503352
1404724564959
1404724575572
1404725355871
1404725417009
1404725427861
1404726288464
1404726344355
1404731825931
1404731861636
1404734184302
1404734235737
1404735043522
1404735099475
1404735110329
1404735884708
1404735935680
1404735946396
1404736712355
1404736758787
1404737548726
1404737584600
1404738326994
1404738395564
1404738406361
1404739186909
1404739238219
1404740029178
1404740082783
1404740849155
1404740890137
1404741704341
1404741751282
1404741761822
1404744465457
1404744516653
1404744527361
1404745323466
1404745394365
1404745405155
1404746194031
1404746229329
1404747014691
1404747084138
1404747094877
1404747904046
1404747952424
1404805572460
1404805613460
1404805624018
1404806385340
1404806422096
1404807159001
1404807224934
1404808052216
1404808093431
1404813877074
1404813902110
1404813902159
1404837125633
1404837152996
1404837153055
1404837756806
1404837784242
1404837784302
1404838390304
1404838417641
1404838417699
1404839023296
1404839050642
1404839050693
1404839655752
1404839683112
1404839683171
1404840288781
1404840316127
1404840316186
1404840921163
1404840948518
1404840948572
1404841556743
1404841584110
1404841584164
1404842192182
1404842219564
1404842219623
1404842828066
1404842855419
1404842855478
1404843460271
1404843487886
1404844081747
1404844109382
1404844705751
1404844733320
1404845324654
1404845352188
1404845945596
1404845973399
1404846564167
1404846591909
1404847183931
1404847211450
1404847806335
1404847833912
1404848437698
1404848465247
1404849056325
1404849083838
1404849690331
1404849719005
1404850336590
1404850365420
1404850986621
1404851015279
1404851646560
1404851684794
1404852336514
1404852364960
1404852973640
1404853002424
1404853625792
1404853654448
1404854280307
1404854308545
1404854918361
1404854946993
1404855551270
1404855579732
1404856234106
1404856272351
1404856283253
1404856921395
1404856951412
1404857590080
1404857619940
1404858292609
1404858323143
1404858333824
1404858992849
1404859028223
1404859712327
1404859742411
1404860442143
1404860471890
1404861117274
1404861146886
1404861777106
1404861807561
1404861818166
1404862456986
1404862487028
1404863192387
1404863238286
1404863248816
1404863955814
1404863992259
1404864669048
1404864720343
1404865393042
1404865428983
1404866116125
1404866152881
1404866864353
1404866909342
1404866919859
1404867609404
1404867645478
1404868357646
1404868416796
1404868427188
1404869094602
1404869130754
1404869785960
1404869822077
1404870553983
1404870591989
1404871375899
1404871413735
1404872228036
1404872280950
1404873013496
1404873052402
1404873063052
1404873802210
1404873840198
1404874631375
1404874691921
1404874702379
1404875430252
1404875468446
1404876267985
1404876320846
1404877141536
1404877179108
1404878013683
1404878061206
1404878071765
1404894929631
1404894956792
1404894956851
1404895557071
1404895584435
1404895584488
1404896185123
1404896212446
1404896212506
1404896817642
1404896844845
1404896844906
1404897443225
1404897470492
1404897470551
1404898071188
1404898098539
1404898098592
1404898704951
1404898732274
1404898732328
1404899341203
1404899368530
1404899368581
1404899975562
1404900002921
1404900002982
1404900611271
1404900638685
1404900638743
1404901260956
1404901288536
1404901881096
1404901908662
1404902502616
1404902530171
1404903123666
1404903151069
1404903746261
1404903773746
1404904380305
1404904407600
1404905002053
1404905029554
1404905623929
1404905651377
1404906247597
1404906275219
1404906869563
1404906897025
1404907500742
1404907529204
1404908132300
1404908160839
1404908767731
1404908796011
1404909416256
1404909444847
1404910048017
1404910076612
1404910698675
1404910727316
1404911357204
1404911385768
1404911991952
1404912020271
1404912625964
1404912665977
1404913272924
1404913310547
1404913956574
1404913986533
1404914674885
1404914704356
1404915359210
1404915388855
1404916012011
1404916041998
1404916719469
1404916749468
1404917384252
1404917419360
1404918083598
1404918113483
1404918769764
1404918806910
1404918817908
1404919450118
1404919480148
1404920128561
1404920163667
1404920819467
1404920855509
1404921517908
1404921569254
1404922268342
1404922304615
1404923034569
1404923071018
1404923754453
1404923790616
1404924464942
1404924501367
1404925205307
1404925242052
1404925960071
1404926004043
1404926014690
1404926687457
1404926731397
1404926741901
1404927454857
1404927505919
1404928246414
1404928303778
1404929084065
1404929141632
1404929962200
1404930005090
1404930786597
1404930829816
1404931571561
1404931610322
1404932372251
1404932415009
1404933175538
1404933213269
1404933996616
1404934033885
1404934871509
1404934915084
1404935727895
1404935766620
1404936452171
1404936479494
1404936479552
1404937085402
1404937112726
1404937112779
1404937716552
1404937743896
1404937743954
1404938347110
1404938374458
1404938374516
1404938978965
1404939006296
1404939006355
1404939610877
1404939638174
1404939638228
1404940241462
1404940268750
1404940268804
1404940882930
1404940910333
1404940910384
1404941514977
1404941542368
1404941542423
1404942147074
1404942174377
1404942174438
1404942790309
1404942817876
1404943413577
1404943441168
1404944035676
1404944063142
1404944658700
1404944686270
1404945278257
1404945305867
1404945897288
1404945924912
1404946516115
1404946543676
1404947135189
1404947162886
1404947754843
1404947782302
1404948374444
1404948401978
1404949006997
1404949035597
1404949640234
1404949668852
1404950277680
1404950305850
1404950917304
1404950946058
1404951555540
1404951583944
1404952187953
1404952216594
1404952839057
1404952867729
1404953477094
1404953505739
1404954114169
1404954142550
1404954746627
1404954774923
1404955429192
1404955458867
1404956095250
1404956125029
1404956757969
1404956796038
1404956806877
1404957460750
1404957490447
1404958148555
1404958178563
1404958840697
1404958870660
1404959497421
1404959527246
1404960159023
1404960188505
1404960830162
1404960859969
1404961484670
1404961514383
1404962180037
1404962231831
1404962912297
1404962965946
1404962976674
1404963652900
1404963704375
1404964426845
1404964463670
1404964474476
1404965183263
1404965218605
1404965871057
1404965906819
1404966624912
1404966660949
1404967389343
1404967425451
1404968136528
1404968172403
1404968883780
1404968919790
1404969686723
1404969731986
1404969742397
1404970479473
1404970516962
1404971264505
1404971302346
1404972089842
1404972132341
1404972881880
1404972934604
1404973713952
1404973766693
1404974491077
1404974533968
1404975307563
1404975350999
1404976114326
1404976151685
1404976950017
1404976997435
1404985188825
1404985216019
1404985216073
1404985823785
1404985851164
1404985851221
1404986445673
1404986472868
1404986472928
1404987074479
1404987101839
1404987101898
1404987706297
1404987733656
1404987733711
1404988335521
1404988362740
1404988362797
1404988971548
1404988998909
1404988998964
1404989608321
1404989635702
1404989635758
1404990246827
1404990274180
1404990274240
1404990881482
1404990908831
1404990908886
1404991507740
1404991535133
1404992132523
1404992160129
1404992753553
1404992781059
1404993384000
1404993411649
1404994003420
1404994030931
1404994622445
1404994649995
1404995259023
1404995286504
1404995875956
1404995903547
