1404306578801
1404307314542
1404308028861
1404308724995
1404309524033
1404311166354
1404311924675
1404312804934
1404313523614
1404315484630
1404316194767
1404317186585
1404317812727
1404372717586
1404374181288
1404375644019
1404376201284
1404377436127
1404378045465
1404380193344
1404380817365
1404381440718
1404382064296
1404382685901
1404383315205
1404383940247
1404384558293
1404385185847
1404385817804
1404386443912
1404387064426
1404387690498
1404388307400
1404388877771
1404389502926
1404390128180
1404390749334
1404391371680
1404391991537
1404392613854
1404393230436
1404393855916
1404394471726
1404395118723
1404395735511
1404396350290
1404396963182
1404397574178
1404398186301
1404398799857
1404399423774
1404400042372
1404400655660
1404401269771
1404401877419
1404402505165
1404403115760
1404403730430
1404404343672
1404404965643
1404405599897
1404406228882
1404406858992
1404407499789
1404408122033
1404408787397
1404409424049
1404410055233
1404410687039
1404411332555
1404411960548
1404412597272
1404413230026
1404413877599
1404414510940
1404415139601
1404415768952
1404416416724
1404417051178
1404417705010
1404418377731
1404419051748
1404419765635
1404420472456
1404421183929
1404421853448
1404422556394
1404423228395
1404423918923
1404424655165
1404425337953
1404426056862
1404426724619
1404427412524
1404428110827
1404428786070
1404429451211
1404430137477
1404430821478
1404431534361
1404432269845
1404433028920
1404433768735
1404434522583
1404435270188
1404435974027
1404436744092
1404437471890
1404438219387
1404438956841
1404439707647
1404440437870
1404441216226
1404441977410
1404442768720
1404443536710
1404444252706
1404445015645
1404445796628
1404446589165
1404447454316
1404448295514
1404449127764
1404450037713
1404450891213
1404451751674
1404452589166
1404453434627
1404454276809
1404455076644
1404455933308
1404456830617
1404457715362
1404458585097
1404487154348
1404487777467
1404488406896
1404489036266
1404489675801
1404490304159
1404490931834
1404491561765
1404492183792
1404492809710
1404493438717
1404494072847
1404494705720
1404495335150
1404495958464
1404496584316
1404497208001
1404497837072
1404498464631
1404499090753
1404499723178
1404500341515
1404500958745
1404501576819
1404502198815
1404502816670
1404503443443
1404504060602
1404504682899
1404505299511
1404505917999
1404506536418
1404507161184
1404507779204
1404508397594
1404509016557
1404509640872
1404510259010
1404510885120
1404511503093
1404512151116
1404512794790
1404513458040
1404514130998
1404514791575
1404515444516
1404516099446
1404516761388
1404517433834
1404518101511
1404518739796
1404519381271
1404520032529
1404520690837
1404521333554
1404522013070
1404522655141
1404523302154
1404523942258
1404524600870
1404525292267
1404526020421
1404526797846
1404527501615
1404528194341
1404528926978
1404529649281
1404530368989
1404531090286
1404531818028
1404532549429
1404533293858
1404533982861
1404534696801
1404535439416
1404536165483
1404536937460
1404537647301
1404538369668
1404539102531
1404539871571
1404540720890
1404541580493
1404542469170
1404543341690
1404544220102
1404545073222
1404545880253
1404546702029
1404547558538
1404548415758
1404549195641
1404549997053
1404550928079
1404551744579
1404552523340
1404553375281
1404554181383
1404555048019
1404555935833
1404556811075
1404557826394
1404558842179
1404559857986
1404560843756
1404561867100
1404562854157
1404563860892
1404564830225
1404565803567
1404566854189
1404567915836
1404569035874
1404570006041
1404571005750
1404572017765
1404572972839
1404573916968
1404574991917
1404576017962
1404719476860
1404720295236
1404721072231
1404721940635
1404722727265
1404723568964
1404724361898
1404725215713
1404726128200
1404731652485
1404734014516
1404734851124
1404735740066
1404736558197
1404737373969
1404738179281
1404739033119
1404739870776
1404740692096
1404741532731
1404744325833
1404745177407
1404746036994
1404746873958
1404747737106
1404748571009
1404805416148
1404806249636
1404806998602
1404807880758
1404813765769
1404814389876
1404837015475
1404837646207
1404838279422
1404838912207
1404839544822
1404840178122
1404840810510
1404841445130
1404842080519
1404842716226
1404843353616
1404843972340
1404844598791
1404845217831
1404845838834
1404846457872
1404847077436
1404847697812
1404848329657
1404848949632
1404849584287
1404850218139
1404850880065
1404851540110
1404852214073
1404852863511
1404853503349
1404854174238
1404854812386
1404855445159
1404856116493
1404856809107
1404857473226
1404858158384
1404858860002
1404859597784
1404860305776
1404860992375
1404861659426
1404862344151
1404863047015
1404863820102
1404864544122
1404865257718
1404865973406
1404866703991
1404867489090
1404868217775
1404868961934
1404869665758
1404870407004
1404871222178
1404872056877
1404872860451
1404873659574
1404874475809
1404875287675
1404876115217
1404876968478
1404877853729
1404894819835
1404895446895
1404896077049
1404896707278
1404897334262
1404897959797
1404898594086
1404899226765
1404899865179
1404900499685
1404901136703
1404901774351
1404902396759
1404903013351
1404903639885
1404904273463
1404904894667
1404905516888
1404906140602
1404906762744
1404907395239
1404908026177
1404908661466
1404909309727
1404909941882
1404910592341
1404911239057
1404911886337
1404912519770
1404913167182
1404913838382
1404914557297
1404915239199
1404915898786
1404916589035
1404917270922
1404917969644
1404918636277
1404919319813
1404920016160
1404920683747
1404921387775
1404922133356
1404922882169
1404923633886
1404924345247
1404925084004
1404925839931
1404926562222
1404927319419
1404928089999
1404928939207
1404929793513
1404930623059
1404931433467
1404932223204
1404933040925
1404933867450
1404934704171
1404935578654
1404936337673
1404936974315
1404937605448
1404938237256
1404938867951
1404939500071
1404940130288
1404940771754
1404941404037
1404942036008
1404942682517
1404943306575
1404943928142
1404944551837
1404945171314
1404945790565
1404946409723
1404947028687
1404947648320
1404948267739
1404948900541
1404949533882
1404950166518
1404950810862
1404951443868
1404952081674
1404952728006
1404953366839
1404954007649
1404954640132
1404955310928
1404955982574
1404956639995
1404957342889
1404958029205
1404958728473
1404959385296
1404960041211
1404960697015
1404961372367
1404962060263
1404962787862
1404963527619
1404964272943
1404965044099
1404965750741
1404966489805
1404967257612
1404968015609
1404968762467
1404969527713
1404970330418
1404971129736
1404971945697
1404972753680
1404973565458
1404974367990
1404975146971
1404975989185
1404976804451
1404985079129
1404985712161
1404986337797
1404986963922
1404987595122
1404988226799
1404988855314
1404989496749
1404990136571
1404990770830
1404991401292
1404992021862
1404992646787
1404993272365
1404993896716
1404994516018
1404995139653
1404995769252
1404996394372
