1404306857086
1404307578695
1404308319058
1404309017795
1404309853468
1404311474392
1404312214140
1404313093711
1404313846691
1404315756648
1404316508984
1404317427600
1404372335101
1404372956829
1404374877861
1404375884308
1404376777344
1404377670504
1404378281183
1404380437184
1404381054862
1404381683663
1404382303289
1404382931193
1404383555706
1404384178327
1404384799116
1404385424541
1404386060562
1404386682260
1404387308286
1404387926676
1404388545188
1404389119301
1404389742113
1404390368657
1404390988628
1404391609156
1404392229540
1404392847599
1404393466161
1404394089761
1404394710671
1404395354370
1404395968845
1404396582702
1404397195377
1404397806485
1404398418779
1404399034307
1404399661674
1404400274650
1404400887648
1404401501711
1404402109452
1404402734962
1404403349244
1404403962882
1404404575810
1404405205157
1404405833895
1404406463795
1404407093357
1404407731727
1404408367271
1404409021832
1404409660763
1404410289768
1404410921543
1404411565688
1404412197734
1404412831747
1404413482434
1404414111798
1404414745100
1404415373694
1404416021613
1404416651651
1404417287220
1404417973553
1404418634926
1404419316947
1404420016883
1404420744534
1404421447913
1404422123612
1404422808611
1404423494716
1404424186080
1404424918463
1404425591733
1404426307559
1404426975503
1404427657108
1404428361443
1404429047340
1404429717718
1404430401585
1404431078249
1404431848092
1404432571715
1404433338121
1404434041313
1404434815389
1404435543869
1404436278614
1404437037940
1404437765312
1404438506037
1404439271813
1404440001840
1404440735864
1404441548287
1404442302420
1404443066050
1404443817043
1404444545591
1404445374167
1404446120279
1404446970247
1404447818128
1404448622802
1404449508202
1404450358072
1404451235381
1404452073875
1404452927303
1404453754379
1404454594884
1404455408050
1404456305250
1404457166596
1404458042272
1404458903963
1404487393642
1404488020861
1404488646611
1404489286740
1404489915506
1404490546177
1404491174984
1404491801565
1404492425470
1404493053100
1404493680348
1404494320340
1404494946912
1404495574799
1404496199811
1404496824103
1404497447699
1404498080030
1404498703041
1404499332578
1404499957550
1404500575859
1404501193138
1404501811418
1404502433200
1404503056231
1404503677946
1404504295036
1404504917522
1404505534028
1404506152390
1404506774749
1404507395337
1404508013715
1404508632275
1404509253421
1404509875317
1404510497042
1404511119647
1404511737621
1404512386944
1404513043580
1404513707007
1404514367233
1404515027831
1404515680597
1404516335770
1404517012801
1404517669707
1404518339390
1404518975604
1404519632545
1404520268836
1404520927342
1404521583002
1404522253412
1404522891240
1404523538628
1404524194721
1404524837040
1404525581531
1404526299685
1404527046191
1404527759235
1404528456890
1404529200114
1404529925981
1404530638359
1404531376834
1404532106673
1404532810067
1404533547468
1404534245602
1404534951948
1404535709906
1404536417800
1404537199997
1404537894119
1404538627983
1404539380659
1404540188413
1404541049182
1404541941997
1404542794472
1404543718191
1404544606343
1404545396169
1404546198680
1404547066680
1404547883834
1404548719343
1404549485265
1404550387814
1404551239701
1404552053510
1404552851774
1404553725575
1404554520554
1404555428565
1404556252837
1404557204846
1404558230827
1404559280054
1404560210027
1404561263571
1404562238425
1404563244338
1404564236222
1404565223672
1404566162585
1404567272853
1404568361956
1404569408511
1404570383280
1404571422025
1404572383003
1404573365698
1404574262282
1404575412070
1404576439405
1404719799887
1404720617970
1404721406777
1404722259655
1404723039047
1404723910112
1404724691896
1404725553880
1404731996284
1404734359868
1404735232469
1404736042190
1404736881681
1404737713426
1404738515998
1404739371880
1404740204893
1404741033543
1404741898638
1404744669167
1404745537202
1404746373084
1404747210592
1404748071657
1404805746291
1404806540136
1404807347868
1404808226728
1404814004122
1404837256925
1404837886897
1404838520618
1404839153395
1404839786107
1404840419088
1404841051710
1404841687446
1404842322843
1404842958547
1404843587467
1404844209079
1404844833042
1404845452057
1404846073153
1404846691651
1404847311175
1404847933789
1404848564968
1404849183834
1404849819452
1404850487776
1404851120486
1404851800256
1404852465008
1404853102398
1404853754515
1404854408941
1404855047127
1404855681508
1404856376664
1404857051981
1404857724759
1404858441892
1404859139938
1404859855506
1404860583656
1404861247575
1404861911453
1404862588308
1404863386375
1404864104465
1404864838131
1404865542427
1404866275105
1404867026779
1404867771301
1404868528260
1404869237683
1404869944230
1404870750037
1404871553922
1404872401314
1404873177409
1404873976899
1404874827126
1404875594814
1404876451681
1404877321841
1404878200672
1404895059257
1404895687517
1404896315767
1404896946091
1404897571951
1404898201376
1404898835044
1404899470387
1404900106123
1404900741859
1404901388311
1404902010846
1404902629746
1404903250899
1404903873230
1404904507464
1404905130496
1404905751367
1404906375149
1404906996980
1404907628899
1404908261069
1404908895765
1404909545456
1404910176489
1404910826629
1404911485782
1404912121610
1404912769548
1404913413768
1404914088522
1404914816139
1404915489492
1404916165579
1404916849614
1404917520161
1404918213857
1404918911941
1404919580282
1404920263997
1404920968555
1404921682459
1404922428859
1404923209819
1404923898857
1404924624232
1404925354795
1404926135885
1404926858366
1404927628277
1404928424495
1404929272544
1404930137905
1404930961279
1404931726060
1404932551372
1404933371571
1404934189849
1404935056877
1404935883089
1404936582630
1404937215090
1404937846614
1404938477189
1404939109003
1404939740947
1404940371504
1404941013209
1404941644912
1404942276817
1404942917931
1404943541083
1404944163054
1404944786250
1404945405426
1404946024578
1404946643436
1404947262546
1404947882310
1404948502131
1404949135564
1404949768892
1404950406229
1404951046038
1404951684199
1404952329235
1404952967679
1404953605399
1404954242643
1404954879037
1404955559154
1404956225730
1404956900018
1404957591100
1404958279909
1404958970295
1404959628427
1404960288972
1404960960182
1404961626799
1404962344313
1404963087583
1404963832188
1404964575289
1404965331655
1404966019499
1404966774180
1404967543735
1404968285687
1404969033494
1404969852307
1404970644721
1404971418007
1404972284284
1404973076441
1404973896253
1404974675380
1404975487194
1404976302039
1404977113467
1404985319440
1404985953342
1404986574832
1404987204566
1404987836798
1404988464089
1404989101777
1404989738994
1404990377165
1404991011521
1404991634806
1404992259884
1404992880892
1404993511450
1404994130742
1404994749770
1404995386474
1404996003555
