1404308993863
1404375955551
1404378565129
1404458999857
1404459438480
1404460759979
1404460970845
1404462337521
1404462641582
1404462726687
1404464027435
1404464759821
1404465673863
1404466170048
1404466826674
1404467585639
1404468191826
1404468298919
1404468565124
1404468760217
1404468869867
1404469213594
1404472018637
1404472698554
1404473538423
1404473689541
1404474022135
1404474120412
1404474423461
1404474521829
1404475577848
1404475781420
1404475904073
1404476010743
1404476456068
1404476530796
1404476820508
1404477898266
1404478399407
1404479125436
1404479461710
1404480390173
1404480870354
1404481191475
1404481380523
1404481534674
1404481827001
1404482372252
1404482757966
1404483009674
1404483469415
1404483666372
1404484643393
1404484799951
1404486050244
1404486610441
1404486717637
1404808572326
1404809322996
1404809885230
1404810076017
1404811300241
1404811794046
1404812072357
1404814489404
1404814584199
1404814760503
1404817140903
1404817674789
1404818061979
1404818503806
1404819196437
1404822907740
1404823874688
1404824181419
1404824539093
1404825214699
1404825501955
1404825616690
1404826270946
1404826433225
1404827737092
1404827951013
1404828298535
1404829181402
1404829328602
1404829928982
1404830144400
1404830948365
1404833124951
1404834179312
1404834273783
1404834825439
1404835688113
1404981214072
1404981652787
1404981986808
1404982153476
1404982285681
1404982352375
1404983475184
1404983617208
1404983864711
1404984226672
1404984336668
1404984577799
1404984748762
1404996464758
1405007611442
1405007732534
1405007811111
1405007919345
1405064600906
1405066076547
1405066803839
1405067262852
1405068269978
1405068824758
1405069406095
1405069710872
1405070265923
1405070561592
1405070675016
1405070823742
1405071197648
1405071542161
1405072344835
1405072487702
1405072654108
1405073423861
1405073653487
1405074271664
1405075424585
1405077367623
