1404306809551
1404307526392
1404308265931
1404308970048
1404309803642
1404311420087
1404312160700
1404313039587
1404313778068
1404315703831
1404316461030
1404317378063
1404372284923
1404372908762
1404374828273
1404375830749
1404377622460
1404378233625
1404380388185
1404381005477
1404381634342
1404382253787
1404382883900
1404383506401
1404384131088
1404384749749
1404385375044
1404386011087
1404386632955
1404387257900
1404387877230
1404388495759
1404389070175
1404389692812
1404390319415
1404390939623
1404391560389
1404392182031
1404392799915
1404393418808
1404394042383
1404394660576
1404395306742
1404395921578
1404396535376
1404397147990
1404397759200
1404398371487
1404398986752
1404399613836
1404400227382
1404400840415
1404401454570
1404402062184
1404402687702
1404403302004
1404403915445
1404404528385
1404405157902
1404405786607
1404406416407
1404407046092
1404407684508
1404408320183
1404408974567
1404409613527
1404410242463
1404410873986
1404411518374
1404412150523
1404412784374
1404413436930
1404414064585
1404414697848
1404415326395
1404415976157
1404416603627
1404417240089
1404417925968
1404418587503
1404419271420
1404419969376
1404420698968
1404421402362
1404422076335
1404422761211
1404423447263
1404424138752
1404424872799
1404425542315
1404426260243
1404426928174
1404427609810
1404428314185
1404429000020
1404429670487
1404430347271
1404431030835
1404431779991
1404432510887
1404433268564
1404433986619
1404434759867
1404435488429
1404436208598
1404436983168
1404437695703
1404438451268
1404439202159
1404439947294
1404440681406
1404441479888
1404442247626
1404443010851
1404443762225
1404444496114
1404445308300
1404446067213
1404446908644
1404447751287
1404448561450
1404449446297
1404450302203
1404451163947
1404451998047
1404452860182
1404453694592
1404454532994
1404455346641
1404456232571
1404457109315
1404457976182
1404458842835
1404487345830
1404487971780
1404488599012
1404489237139
1404489866092
1404490496470
1404491125433
1404491753766
1404492375853
1404493003498
1404493630788
1404494270590
1404494897426
1404495527052
1404496150269
1404496774393
1404497398040
1404498030434
1404498655166
1404499284697
1404499909646
1404500528109
1404501145485
1404501763579
1404502385522
1404503008537
1404503630088
1404504247256
1404504869822
1404505486178
1404506104687
1404506727019
1404507347701
1404507965918
1404508584463
1404509202891
1404509827617
1404510449397
1404511071805
1404511689784
1404512339270
1404512995778
1404513659401
1404514319421
1404514980063
1404515632910
1404516288036
1404516949937
1404517621952
1404518291761
1404518927885
1404519569832
1404520221028
1404520879570
1404521537336
1404522205677
1404522843490
1404523490845
1404524131994
1404524789385
1404525531897
1404526254118
1404526998355
1404527711448
1404528409015
1404529150879
1404529878202
1404530589069
1404531331170
1404532058811
1404532762267
1404533499662
1404534195938
1404534904154
1404535662189
1404536369799
1404537152372
1404537846324
1404538580121
1404539332795
1404540124262
1404540979727
1404541862314
1404542745215
1404543672732
1404544550296
1404545326704
1404546153042
1404547001556
1404547825190
1404548666204
1404549430802
1404550339930
1404551190542
1404551993780
1404552783754
1404553667135
1404554462462
1404555375045
1404556192501
1404557144535
1404558128526
1404559180973
1404560143363
1404561162890
1404562171939
1404563157950
1404564174985
1404565139629
1404566098882
1404567192734
1404568269173
1404569342478
1404570320744
1404571354939
1404572316937
1404573299271
1404574191300
1404575335770
1404576347236
1404719726370
1404720552353
1404721358807
1404722195330
1404722980211
1404723860014
1404724628041
1404725500538
1404726413463
1404731946339
1404734299895
1404735172658
1404735987896
1404736823467
1404737649441
1404738461486
1404739312248
1404740146473
1404740960437
1404741830162
1404744574814
1404745467543
1404746293419
1404747146925
1404748011872
1404805691833
1404806486785
1404807293451
1404808157648
1404813956251
1404837207664
1404837837745
1404838471399
1404839104261
1404839736845
1404840369943
1404841002302
1404841638031
1404842273383
1404842909394
1404843539934
1404844161529
1404844785307
1404845404447
1404846025471
1404846643938
1404847263583
1404847886053
1404848517523
1404849136264
1404849771007
1404850422463
1404851068022
1404851740280
1404852417281
1404853054381
1404853706710
1404854361007
1404854999292
1404855632403
1404856329244
1404857004295
1404857676726
1404858390583
1404859081111
1404859805616
1404860524421
1404861199346
1404861864203
1404862540264
1404863317200
1404864050657
1404864779599
1404865488190
1404866226883
1404866972550
1404867714743
1404868479695
1404869189082
1404869895529
1404870656815
1404871474299
1404872346299
1404873116885
1404873917023
1404874771756
1404875534257
1404876386618
1404877246027
1404878141771
1404895010095
1404895638274
1404896267124
1404896897340
1404897523375
1404898152488
1404898785923
1404899421469
1404900056635
1404900692616
1404901341098
1404901961068
1404902582298
1404903203348
1404903825761
1404904459795
1404905082357
1404905704021
1404906327342
1404906949439
1404907581733
1404908213238
1404908848480
1404909497042
1404910128607
1404910779427
1404911438024
1404912072415
1404912721680
1404913365955
1404914038747
1404914756365
1404915441503
1404916105091
1404916802118
1404917471870
1404918165547
1404918863200
1404919532363
1404920216443
1404920914507
1404921627869
1404922373496
1404923145287
1404923849784
1404924560119
1404925300693
1404926066901
1404926794366
1404927574612
1404928365211
1404929217546
1404930081639
1404930889975
1404931671526
1404932490598
1404933299256
1404934114938
1404934996492
1404935826957
1404936533462
1404937166419
1404937797650
1404938428225
1404939060007
1404939691830
1404940322426
1404940964192
1404941595848
1404942227766
1404942870304
1404943493480
1404944115404
1404944738515
1404945357941
1404945977106
1404946595744
1404947215085
1404947834622
1404948454273
1404949087889
1404949721227
1404950358655
1404950998206
1404951636231
1404952268980
1404952919928
1404953558132
1404954195210
1404954831182
1404955511210
1404956177570
1404956852606
1404957543055
1404958231386
1404958922751
1404959580535
1404960241133
1404960912383
1404961577763
1404962290543
1404963032824
1404963777985
1404964526846
1404965277639
1404965965614
1404966720271
1404967484506
1404968231731
1404968978715
1404969796771
1404970582080
1404971362696
1404972213095
1404973000372
1404973837168
1404974614560
1404975416587
1404976220988
1404977057660
1404985269575
1404985904760
1404986526673
1404987155812
1404987787433
1404988415938
1404989052984
1404989689588
1404990327786
1404990962402
1404991587198
1404992212264
1404992833235
1404993463887
1404994083221
1404994702265
1404995338924
1404995955881
