1405089799051
1405089799051
1405089799054
1405089931785
1405089961063
1405089971368
1405092976305
1405093010967
1405093021795
1405095542655
1405095571963
1405095582296
1405420201425
1405420241109
1405420251888
1405420623314
1405420662828
1405420673498
1405424432063
1405424462397
1405424473905
1405427695473
1405427723857
1405427734355
1405428094465
1405428143684
1405428154584
1405428195502
1405428245260
1405428256025
1405431011640
1405431049156
1405431059692
1405431377395
1405431407861
1405431418816
1405431508835
1405431539372
1405431550094
1405435856890
1405435887230
1405435898542
1405435920557
1405435960938
1405435973750
1405436135080
1405436165409
1405436175924
1405436297128
1405436326012
1405436336574
1405437591116
1405437620913
1405437631340
