1403090678596
1403090678597
1403090708151
1403090718534
1403090723574
1403090755030
1403090755031
1403090787180
1403090797132
1403090802173
1403090821544
1403090821544
1403090854240
1403090864410
1403090869450
1403090889179
1403090889180
1403090922441
1403090932884
1403090937923
1403090957354
1403090957355
1403090991434
1403091002141
1403091007180
1403091025786
1403091025787
1403091060411
1403091071251
1403091076290
1403091094928
1403091094929
1403091130270
1403091140862
1403091145901
1403091164769
1403091164769
1403091201360
1403091212200
1403091217239
1403091235718
1403091235719
1403091272942
1403091283895
1403091288936
1403091307373
1403091307374
1403091345235
1403091356384
1403091361424
1403091379492
1403091379492
1403091418029
1403091429030
1403091434071
1403091452502
1403091452502
1403091491578
1403091502924
1403091507965
1403091526091
1403091526092
1403091565895
1403091577570
1403091582609
