1404306398579
1404307124877
1404307848710
1404308566205
1404309351083
1404310990973
1404311744611
1404312635364
1404313343838
1404315256760
1404316020460
1404316783533
1404317048555
1404317674571
1404372582237
1404374044384
1404375506060
1404376065359
1404377021025
1404377908971
1404380055020
1404380680772
1404381299283
1404381928067
1404382549607
1404383176807
1404383801926
1404384422344
1404385047507
1404385672680
1404386307883
1404386928029
1404387552236
1404388168821
1404388741172
1404389364527
1404389987831
1404390611774
1404391233795
1404391853501
1404392477324
1404393091308
1404393715757
1404394334388
1404394980789
1404395598494
1404396213274
1404396825844
1404397438811
1404398049291
1404398662832
1404399284539
1404399904377
1404400517239
1404401130342
1404401739271
1404402351923
1404402977739
1404403592159
1404404205713
1404404819063
1404405448488
1404406077708
1404406707348
1404407352543
1404407975391
1404408624342
1404409278117
1404409904014
1404410541311
1404411180471
1404411808866
1404412445612
1404413075094
1404413726109
1404414355149
1404414988683
1404415617287
1404416265415
1404416895154
1404417545299
1404418218388
1404418892429
1404419594497
1404420289851
1404421003120
1404421693135
1404422381616
1404423068651
1404423753995
1404424448456
1404425163750
1404425867049
1404426565605
1404427237973
1404427938390
1404428606525
1404429292085
1404429963044
1404430661861
1404431324691
1404432101308
1404432837863
1404433584779
1404434308378
1404435065973
1404435800820
1404436556831
1404437288660
1404438031006
1404438787354
1404439527392
1404440254194
1404441028470
1404441809819
1404442566156
1404443343680
1404444070007
1404444817023
1404445621048
1404446392053
1404447269116
1404448111798
1404448940675
1404449838587
1404450684947
1404451560688
1404452400988
1404453237849
1404454070695
1404454893718
1404455719528
1404456611686
1404457489095
1404458396951
1404459220993
1404487015466
1404487638381
1404488268199
1404488895662
1404489537581
1404490166799
1404490792680
1404491422933
1404492046727
1404492670693
1404493299982
1404493932491
1404494566918
1404495196521
1404495819578
1404496445098
1404497071075
1404497695981
1404498327302
1404498951848
1404499584558
1404500202432
1404500820237
1404501437901
1404502056298
1404502677900
1404503305931
1404503922559
1404504540228
1404505162510
1404505779366
1404506397480
1404507022873
1404507640390
1404508258607
1404508877671
1404509498150
1404510120261
1404510742010
1404511364462
1404511992778
1404512633136
1404513309478
1404513952718
1404514635951
1404515291309
1404515946234
1404516586682
1404517279069
1404517933455
1404518590338
1404519226620
1404519881095
1404520533619
1404521178758
1404521865383
1404522504349
1404523142159
1404523789819
1404524447773
1404525094586
1404525846369
1404526591370
1404527318172
1404528016490
1404528728949
1404529472407
1404530190662
1404530890524
1404531633633
1404532371962
1404533092448
1404533799539
1404534507385
1404535227649
1404535977559
1404536720226
1404537457267
1404538164611
1404538908031
1404539652017
1404540463101
1404541345196
1404542251334
1404543069914
1404543991601
1404544868643
1404545665726
1404546475009
1404547334020
1404548186206
1404548992166
1404549761386
1404550714548
1404551528735
1404552313295
1404553171503
1404553993288
1404554812567
1404555733836
1404556532499
1404557574788
1404558608310
1404559619312
1404560567335
1404561588684
1404562619401
1404563588251
1404564616394
1404565578615
1404566581926
1404567708805
1404568753871
1404569776535
1404570708925
1404571806242
1404572756500
1404573693926
1404574739052
1404575781002
1404719280341
1404720060988
1404720884491
1404721727319
1404722525289
1404723320843
1404724172386
1404725004304
1404725844953
1404731406029
1404733802642
1404734650422
1404735551486
1404736325136
1404737187171
1404737987938
1404738826327
1404739671179
1404740494208
1404741341798
1404744058215
1404744942327
1404745809782
1404746648660
1404747504974
1404748380074
1404805181638
1404806022640
1404806803027
1404807625916
1404813625436
1404814249838
1404836876789
1404837506719
1404838140102
1404838773058
1404839405624
1404840038731
1404840671312
1404841305336
1404841940550
1404842576577
1404843217488
1404843836131
1404844462524
1404845081670
1404845702118
1404846321472
1404846940439
1404847561501
1404848181954
1404848813333
1404849435137
1404850068685
1404850737181
1404851383862
1404852049864
1404852713995
1404853353774
1404854003273
1404854658340
1404855296415
1404855931927
1404856652173
1404857312388
1404857974627
1404858702421
1404859427129
1404860133761
1404860835151
1404861497910
1404862172037
1404862854894
1404863643281
1404864356327
1404865091957
1404865812221
1404866532384
1404867315794
1404868055164
1404868794071
1404869488861
1404870213442
1404871036167
1404871850346
1404872688469
1404873461875
1404874253573
1404875114227
1404875905085
1404876771403
1404877662302
1404894681719
1404895309648
1404895940930
1404896567574
1404897197454
1404897820490
1404898454711
1404899088907
1404899726237
1404900359562
1404901000650
1404901637477
1404902260991
1404902877499
1404903499433
1404904136940
1404904758389
1404905380102
1404906003043
1404906625975
1404907246313
1404907878003
1404908512866
1404909145722
1404909797153
1404910443313
1404911076239
1404911737730
1404912371627
1404913019032
1404913669365
1404914354873
1404915069508
1404915741090
1404916431369
1404917112261
1404917786213
1404918464437
1404919161823
1404919831813
1404920521637
1404921219942
1404921956686
1404922711299
1404923471263
1404924171883
1404924893023
1404925646694
1404926397681
1404927140792
1404927900372
1404928740301
1404929597092
1404930446843
1404931227255
1404932034103
1404932852203
1404933685093
1404934495154
1404935372208
1404936198379
1404936835133
1404937466407
1404938098134
1404938728831
1404939360990
1404939991236
1404940632558
1404941264930
1404941897089
1404942533883
1404943170467
1404943791982
1404944415626
1404945035224
1404945654431
1404946273416
1404946892179
1404947511103
1404948131317
1404948751843
1404949384962
1404950023551
1404950655576
1404951295338
1404951933151
1404952578919
1404953216887
1404953859565
1404954491850
1404955143749
1404955824509
1404956476132
1404957158514
1404957871269
1404958553725
1404959228282
1404959883318
1404960539448
1404961210284
1404961884198
1404962601427
1404963345583
1404964102789
1404964839703
1404965583325
1404966308941
1404967091082
1404967826959
1404968567678
1404969304459
1404970149228
1404970942543
1404971746081
1404972568539
1404973366732
1404974168574
1404974964643
1404975787075
1404976615059
1404984942340
1404985570379
1404986200961
1404986825340
1404987457544
1404988089364
1404988715586
1404989355317
1404989996847
1404990630672
1404991265404
1404991885563
1404992509574
1404993131417
1404993760214
1404994379681
1404994998424
1404995629923
1404996254161
