1403010311311
1403010343271
1403010353480
1403010353519
1403010367234
1403010399231
1403010409270
1403010409308
1403010423269
1403010455102
1403010465217
1403012385165
1403012417179
1403012428072
1403012428110
1403012441176
1403012473205
1403012483208
1403012483246
1403012497173
1403012529264
1403012539320
1403012539359
1403012553202
1403012585327
1403012595361
1403012595399
1403012609294
1403012641382
1403012651334
1403012651373
1403012665533
1403012697629
1403012707639
1403012707677
1403012721442
1403012753515
1403012763335
1403012763373
1403012777442
1403012809502
1403012819701
1403012819739
1403012834316
1403012866362
1403012876489
1403012876528
1403012890290
1403012922416
1403012932528
1403012932567
1403012946546
1403012978672
1403012988518
1403012988559
1403013003064
1403013035045
1403013044837
1403013044879
1403013059578
1403013091646
1403013101649
1403013101687
1403013115606
1403013147659
1403013157529
1403013157567
1403013172031
1403013204076
1403013214038
1403013214076
1403013228162
1403013260282
1403013270411
1403013270454
1403013284767
1403013316829
1403013326851
1403013326890
1403013458702
1403013490766
1403013500529
1403013500567
