1404306594681
1404307330681
1404308045788
1404308742097
1404309541931
1404311183316
1404311941564
1404312821837
1404313544187
1404315506134
1404316210968
1404317204970
1404317829083
1404372735645
1404374198536
1404375660795
1404376217832
1404377452740
1404378063156
1404380213594
1404380834483
1404381459146
1404382082661
1404382704282
1404383331428
1404383958523
1404384574490
1404385204182
1404385836126
1404386460105
1404387082789
1404387706777
1404388324984
1404388895533
1404389521210
1404390146528
1404390767918
1404391388114
1404392009561
1404392631020
1404393247833
1404393872766
1404394489528
1404395135396
1404395751943
1404396366829
1404396979409
1404397590765
1404398202767
1404398816488
1404399442051
1404400058758
1404400671928
1404401286146
1404401893801
1404402519359
1404403131902
1404403746777
1404404360062
1404404984130
1404405618131
1404406247317
1404406877134
1404407516097
1404408138321
1404408803610
1404409442521
1404410073743
1404410705347
1404411348666
1404411976829
1404412615766
1404413248456
1404413896183
1404414529350
1404415157811
1404415787218
1404416435053
1404417069442
1404417723233
1404418395979
1404419070014
1404419783997
1404420486946
1404421198393
1404421871914
1404422574739
1404423246697
1404423937194
1404424672072
1404425356237
1404426075187
1404426742697
1404427430946
1404428129309
1404428802627
1404429469422
1404430151891
1404430839666
1404431552705
1404432288070
1404433047153
1404433787193
1404434537197
1404435288670
1404435992257
1404436762439
1404437490225
1404438237495
1404438975261
1404439726202
1404440457343
1404441234780
1404441995745
1404442785275
1404443555052
1404444270974
1404445029949
1404445815020
1404446603694
1404447472654
1404448313874
1404449146271
1404450056013
1404450907381
1404451769883
1404452607551
1404453450887
1404454291425
1404455098259
1404455951677
1404456845049
1404457733880
1404458603231
1404487171140
1404487796087
1404488423595
1404489058660
1404489694215
1404490322799
1404490950400
1404491580273
1404492200553
1404492828323
1404493457279
1404494095027
1404494724342
1404495353689
1404495977021
1404496602980
1404497224809
1404497855356
1404498483198
1404499109352
1404499739885
1404500358329
1404500975481
1404501593656
1404502215592
1404502833552
1404503460314
1404504077385
1404504699676
1404505316372
1404505934722
1404506553070
1404507177992
1404507796000
1404508414257
1404509033177
1404509657706
1404510275887
1404510901958
1404511519861
1404512169405
1404512813284
1404513476718
1404514149330
1404514810037
1404515463018
1404516117916
1404516779657
1404517452197
1404518120110
1404518757966
1404519399798
1404520051052
1404520709524
1404521352125
1404522031373
1404522673610
1404523320847
1404523960625
1404524619467
1404525310881
1404526038919
1404526814632
1404527520148
1404528212500
1404528945448
1404529672431
1404530387457
1404531106923
1404531836357
1404532568022
1404533310634
1404533999655
1404534715177
1404535457600
1404536183981
1404536951611
1404537665731
1404538384084
1404539117149
1404539888209
1404540739579
1404541599064
1404542487338
1404543358448
1404544238566
1404545091491
1404545896888
1404546716646
1404547577107
1404548432581
1404549212447
1404550015316
1404550944876
1404551763046
1404552540182
1404553393945
1404554199475
1404555066506
1404555954246
1404556829367
1404557843234
1404558860699
1404559874604
1404560861681
1404561883896
1404562872310
1404563877766
1404564848264
1404565820411
1404566872551
1404567933991
1404569054228
1404570024192
1404571022674
1404572034616
1404572989664
1404573935345
1404575008732
1404576036108
1404719493663
1404720314798
1404721090145
1404721958699
1404722745331
1404723589195
1404724379960
1404725232986
1404726146243
1404731671254
1404734031555
1404734874723
1404735757815
1404736575468
1404737392109
1404738197517
1404739051475
1404739887749
1404740705963
1404741550406
1404744342648
1404745194158
1404746051496
1404746892791
1404747755491
1404748588998
1404805434060
1404806267134
1404807016118
1404807898055
1404813784322
1404814407552
1404837030514
1404837661250
1404838294422
1404838927328
1404839559721
1404840192977
1404840825256
1404841460103
1404842095579
1404842731427
1404843367094
1404843985788
1404844612396
1404845231355
1404845852191
1404846471079
1404847090850
1404847711367
1404848344451
1404848963283
1404849596672
1404850230567
1404850892892
1404851552886
1404852230793
1404852880120
1404853519921
1404854186852
1404854824933
1404855457654
1404856129118
1404856821669
1404857485778
1404858175088
1404858872547
1404859612502
1404860318472
1404861005073
1404861672204
1404862356763
1404863059473
1404863832637
1404864556556
1404865270396
1404865985957
1404866718664
1404867501689
1404868234051
1404868974444
1404869678387
1404870423638
1404871234678
1404872070579
1404872873074
1404873672278
1404874488396
1404875300209
1404876127871
1404876981040
1404877866286
1404894834529
1404895461461
1404896090592
1404896722432
1404897348581
1404897975026
1404898609462
1404899246551
1404899879470
1404900514896
1404901155167
1404901787857
1404902409721
1404903030744
1404903653297
1404904286840
1404904908723
1404905530815
1404906154223
1404906775968
1404907407591
1404908038815
1404908674412
1404909322570
1404909954417
1404910604974
1404911252017
1404911898821
1404912532399
1404913179834
1404913850920
1404914569703
1404915254218
1404915911465
1404916601819
1404917283542
1404917983958
1404918648922
1404919332473
1404920028792
1404920696202
1404921400396
1404922146030
1404922900404
1404923646483
1404924357596
1404925098684
1404925852399
1404926574766
1404927331932
1404928102680
1404928951652
1404929806187
1404930635670
1404931445938
1404932235786
1404933054738
1404933879977
1404934718456
1404935591189
1404936352378
1404936989286
1404937620483
1404938251751
1404938882966
1404939514782
1404940145392
1404940786658
1404941419089
1404942050955
1404942695829
1404943320088
1404943941500
1404944565409
1404945184802
1404945804046
1404946423257
1404947042088
1404947661652
1404948281212
1404948913272
1404949546636
1404950179298
1404950823765
1404951456593
1404952094510
1404952740760
1404953383538
1404954020602
1404954653018
1404955323572
1404955995401
1404956652663
1404957355530
1404958041918
1404958741308
1404959398054
1404960053930
1404960709810
1404961385133
1404962072636
1404962800570
1404963540146
1404964285548
1404965056648
1404965763249
1404966502702
1404967270192
1404968028086
1404968775874
1404969540259
1404970342973
1404971142300
1404971960466
1404972766206
1404973580204
1404974380435
1404975159583
1404976003629
1404976816851
1404985094219
1404985727352
1404986351835
1404986978522
1404987610232
1404988240978
1404988870438
1404989511857
1404990151598
1404990785893
1404991414846
1404992035379
1404992660520
1404993290735
1404993910183
1404994529462
1404995153101
1404995782786
1404996407912
