1404308993864
1404309016803
1404375955592
1404375978152
1404378565130
1404378587430
1404378598147
1404458999926
1404459438481
1404459495480
1404460759980
1404460782484
1404460970903
1404460993521
1404460993521
1404462337557
1404462360283
1404462360284
1404462360283
1404462641583
1404462726688
1404462749247
1404464027435
1404464098163
1404464759821
1404464842834
1404465673864
1404465745382
1404465756626
1404466170049
1404466231488
1404466826675
1404466899366
1404467585640
1404467615535
1404468191827
1404468224480
1404468298920
1404468337264
1404468347853
1404468565125
1404468597075
1404468760217
1404468797978
1404468869868
1404468902101
1404469213696
1404469250916
1404472018657
1404472064627
1404472698555
1404472736566
1404473538424
1404473571171
1404473689542
1404473759574
1404474022136
1404474142823
1404474154100
1404474423462
1404474544227
1404474555636
1404475577849
1404475781421
1404475904074
1404475926832
1404476010744
1404476037761
1404476456069
1404476478722
1404476530797
1404476553501
1404476820509
1404476997935
1404477898267
1404477967869
1404478399408
1404478488825
1404479125564
1404479210510
1404479461735
1404479511799
1404479527378
1404480390190
1404480438880
1404480451377
1404480870355
1404480915733
1404480928388
1404481191476
1404481246471
1404481258893
1404481380524
1404481409975
1404481534675
1404481638809
1404481652580
1404481827002
1404481933274
1404481944275
1404482372253
1404482461031
1404482473476
1404482757966
1404482836411
1404483009675
1404483099751
1404483469416
1404483567015
1404483666373
1404483755957
1404483768976
1404484643394
1404484729648
1404484741734
1404484799952
1404484898202
1404486050264
1404486142986
1404486153735
1404486610442
1404486655427
1404486717638
1404486752921
1404808572685
1404808602764
1404809322997
1404809390390
1404809401025
1404809885231
1404809923560
1404810076018
1404810114223
1404811300242
1404811352691
1404811794047
1404811794047
1404811843420
1404811843422
1404811859070
1404811859165
1404812072358
1404812126524
1404812138317
1404814489405
1404814543270
1404814553743
1404814584199
1404814656354
1404814666918
1404814760504
1404814802602
1404817140904
1404817209806
1404817225908
1404817674790
1404817727234
1404818061980
1404818113997
1404818503807
1404818546041
1404819196437
1404819252951
1404822907741
1404822964580
1404823874689
1404823907015
1404824181420
1404824225593
1404824539094
1404824645637
1404824656288
1404825214700
1404825256022
1404825266911
1404825501956
1404825538866
1404825549398
1404825616691
1404825654034
1404825664727
1404826270947
1404826332129
1404826342751
1404826433226
1404826470041
1404826480738
1404827737092
1404827796597
1404827808357
1404827951014
1404828077623
1404828088261
1404828298536
1404828340463
1404828350850
1404829181403
1404829233366
1404829244244
1404829328603
1404829494795
1404829505481
1404829928983
1404830000982
1404830011781
1404830144401
1404830883498
1404830894076
1404830948365
1404831451166
1404831462501
1404833124951
1404833811211
1404833821907
1404834179313
1404834273784
1404834303795
1404834314428
1404834825440
1404834863107
1404834873606
1404835688114
1404835717784
1404835728057
1404981214101
1404981248702
1404981259437
1404981652788
1404981690297
1404981701349
1404981986809
1404982029936
1404982041196
1404982153477
1404982196425
1404982207966
1404982285682
1404982352376
1404982384752
1404982395231
1404983475185
1404983507800
1404983518282
1404983617208
1404983649583
1404983660237
1404983864712
1404983897152
1404983907844
1404984226672
1404984294793
1404984305416
1404984336669
1404984394669
1404984405294
1404984577800
1404984631052
1404984642101
1404984748762
1404984826791
1404984837268
1404996464829
1404997714768
1404997725012
1405007611459
1405007652683
1405007664499
1405007732534
1405007768775
1405007779444
1405007811111
1405007838300
1405007838349
1405007919345
1405064601028
1405064657443
1405064668958
1405066076623
1405066112195
1405066122951
1405066803863
1405066839485
1405066850307
1405067262853
1405067298047
1405067308608
1405068269979
1405068305441
1405068316265
1405068824798
1405068861090
1405068872091
1405069406095
1405069442170
1405069452828
1405069710873
1405069747651
1405069758575
1405070265924
1405070313974
1405070324649
1405070561593
1405070598619
1405070609291
1405070675017
1405070705634
1405070716869
1405070823743
1405070852832
1405070863417
1405071197649
1405071226991
1405071237263
1405071542162
1405071581855
1405071592435
1405072344836
1405072375674
1405072386537
1405072487703
1405072514911
1405072514964
1405072654109
1405072728489
1405072739711
1405073423862
1405073511728
1405073522941
1405073653487
1405073764356
1405073775063
1405074271665
1405074300937
1405074312106
1405075424586
1405075459255
1405075470243
1405077367624
1405077407062
1405077418315
