1404306636286
1404307367303
1404308082283
1404308784374
1404309593542
1404311225139
1404311983539
1404312864070
1404313585703
1404315542900
1404316262240
1404317234261
1404317858356
1404372764842
1404374227654
1404375690004
1404376247059
1404377481914
1404378092349
1404380242867
1404380863631
1404381488493
1404382111960
1404382733575
1404383360699
1404383987805
1404384603860
1404385233472
1404385865485
1404386489408
1404387112137
1404387736076
1404388354103
1404388924740
1404389550358
1404390175882
1404390797111
1404391417297
1404392038866
1404392660322
1404393277040
1404393901894
1404394518755
1404395164563
1404395781017
1404396396019
1404397008706
1404397619840
1404398232043
1404398845566
1404399471077
1404400088047
1404400701215
1404401315496
1404401923040
1404402548661
1404403161201
1404403776055
1404404389427
1404405013391
1404405647395
1404406276639
1404406906437
1404407545391
1404408182589
1404408832883
1404409471872
1404410103011
1404410734612
1404411377964
1404412006098
1404412645065
1404413277731
1404413925479
1404414558611
1404415187147
1404415816581
1404416464403
1404417098745
1404417758314
1404418430819
1404419104943
1404419818811
1404420522154
1404421242726
1404421916516
1404422610096
1404423296408
1404423988019
1404424706907
1404425391382
1404426109616
1404426777765
1404427466219
1404428164343
1404428852905
1404429519569
1404430202011
1404430874627
1404431588826
1404432329873
1404433099122
1404433823276
1404434578784
1404435324836
1404436028638
1404436803953
1404437531463
1404438273318
1404439011701
1404439762888
1404440498541
1404441286409
1404442047591
1404442821413
1404443606670
1404444327750
1404445087162
1404445865950
1404446656433
1404447530093
1404448381247
1404449233692
1404450099504
1404450966646
1404451812940
1404452650843
1404453494231
1404454335307
1404455146641
1404456009534
1404456888211
1404457776888
1404458661383
1404487200434
1404487825308
1404488452874
1404489087921
1404489723472
1404490352102
1404490979603
1404491609488
1404492229762
1404492857547
1404493486524
1404494124326
1404494753564
1404495382988
1404496006294
1404496632233
1404497254071
1404497884513
1404498512458
1404499138644
1404499769157
1404500387558
1404501004802
1404501622845
1404502244807
1404502862811
1404503489490
1404504106646
1404504728942
1404505345622
1404505964043
1404506582272
1404507207159
1404507825254
1404508443507
1404509062441
1404509686898
1404510305133
1404510931224
1404511549164
1404512198669
1404512842548
1404513520872
1404514178594
1404514839277
1404515492224
1404516147200
1404516808983
1404517481402
1404518149326
1404518787177
1404519429022
1404520080262
1404520738706
1404521381384
1404522060560
1404522702818
1404523350120
1404523989890
1404524648675
1404525350469
1404526079413
1404526854208
1404527560391
1404528252416
1404528985311
1404529711970
1404530427226
1404531151985
1404531896234
1404532607964
1404533350402
1404534028953
1404534749679
1404535512432
1404536224298
1404537001348
1404537700362
1404538429314
1404539171845
1404539934302
1404540800593
1404541645713
1404542543617
1404543459650
1404544314529
1404545137490
1404545937986
1404546778431
1404547638312
1404548478540
1404549259239
1404550075879
1404551011304
1404551809066
1404552585710
1404553455407
1404554240351
1404555157693
1404556010126
1404556927756
1404557891042
1404558928130
1404559936991
1404560939116
1404561946814
1404562935864
1404563930618
1404564931891
1404565888094
1404566955430
1404567982226
1404569136658
1404570092948
1404571121333
1404572097999
1404573072194
1404573983469
1404575071982
1404576099022
1404719539892
1404720361137
1404721136604
1404722005105
1404722811200
1404723665254
1404724426117
1404725279383
1404726211938
1404731752368
1404734107445
1404734935622
1404735802846
1404736616282
1404737468445
1404738244070
1404739112840
1404739949046
1404740752646
1404741602149
1404744389165
1404745245705
1404746097590
1404746938534
1404747821462
1404805480341
1404806308198
1404807062367
1404807959187
1404813813583
1404814436836
1404837063127
1404837693658
1404838326853
1404838959734
1404839592092
1404840225415
1404840857618
1404841492515
1404842127978
1404842763799
1404843399760
1404844018464
1404844645164
1404845263967
1404845884806
1404846503736
1404847123384
1404847743983
1404848377124
1404848995913
1404849630300
1404850274891
1404850926436
1404851586299
1404852275093
1404852914007
1404853564223
1404854220674
1404854858526
1404855491058
1404856168921
1404856861704
1404857525909
1404858215039
1404858912432
1404859652575
1404860358077
1404861045074
1404861712159
1404862397272
1404863111374
1404863889654
1404864597621
1404865311343
1404866048342
1404866760191
1404867542980
1404868276205
1404869016171
1404869719024
1404870486367
1404871283241
1404872119842
1404872916276
1404873719866
1404874536698
1404875344109
1404876170413
1404877038913
1404877913963
1404894866905
1404895493796
1404896122657
1404896754775
1404897380867
1404898007486
1404898641821
1404899278812
1404899911747
1404900547284
1404901199457
1404901820515
1404902442319
1404903063290
1404903685842
1404904319199
1404904941160
1404905563383
1404906186948
1404906808612
1404907440664
1404908072315
1404908707819
1404909356092
1404909987816
1404910638463
1404911296145
1404911931932
1404912565538
1404913213233
1404913890963
1404914609460
1404915294079
1404915950995
1404916652057
1404917323711
1404918023694
1404918689287
1404919372356
1404920068597
1404920747486
1404921441630
1404922187155
1404922941343
1404923687645
1404924399090
1404925138856
1404925893844
1404926615871
1404927373072
1404928155325
1404928998721
1404929863705
1404930698971
1404931488995
1404932283487
1404933102798
1404933922900
1404934781065
1404935654309
1404936384747
1404937021648
1404937652831
1404938284135
1404938915315
1404939547134
1404940177848
1404940819039
1404941451466
1404942083308
1404942728491
1404943352776
1404943973929
1404944597995
1404945217452
1404945836659
1404946455891
1404947074603
1404947694281
1404948313771
1404948946921
1404949580275
1404950212729
1404950857086
1404951490267
1404952128115
1404952774008
1404953416947
1404954053832
1404954686559
1404955363696
1404956035248
1404956692407
1404957395376
1404958082359
1404958780802
1404959437571
1404960093618
1404960749354
1404961425079
1404962113974
1404962842255
1404963586362
1404964342443
1404965098212
1404965804936
1404966558618
1404967311214
1404968069591
1404968817455
1404969588074
1404970401251
1404971191045
1404972002856
1404972809066
1404973628617
1404974422780
1404975232973
1404976047049
1404976865058
1404985126908
1404985759746
1404986383988
1404987010890
1404987642653
1404988273239
1404988902847
1404989544230
1404990183875
1404990818271
1404991447250
1404992067953
1404992692889
1404993323321
1404993942865
1404994562159
1404995185647
1404995815358
