1404307330682
1404307362268
1404308045789
1404308077248
1404308087854
1404308742098
1404308779339
1404309541932
1404309586811
1404311183317
1404311220106
1404311941566
1404311978505
1404312821838
1404312859036
1404313544188
1404313580668
1404315506449
1404315537869
1404316210969
1404316257210
1404316268401
1404317204971
1404317229231
1404317229284
1404317829083
1404317853321
1404317853382
1404372735707
1404372759806
1404372759864
1404374198557
1404374222619
1404374222678
1404375660818
1404375684969
1404375696571
1404376217845
1404376242023
1404377452741
1404377476884
1404378063156
1404378087313
1404378087371
1404380213595
1404380237831
1404380237891
1404380834484
1404380858599
1404380858655
1404381459147
1404381483457
1404381483516
1404382082662
1404382106925
1404382704283
1404382728539
1404382728599
1404383331429
1404383355669
1404383355720
1404383958524
1404383982775
1404384574491
1404384598824
1404384598883
1404385204183
1404385228437
1404385836127
1404385860452
1404385860505
1404386460106
1404386484371
1404386484431
1404387082790
1404387107101
1404387107160
1404387706777
1404387731041
1404388324985
1404388349068
1404388895534
1404388919706
1404388919760
1404389521210
1404389545328
1404389545374
1404390146529
1404390170846
1404390170904
1404390767919
1404390792076
1404390792133
1404391388115
1404391412266
1404391412318
1404392009562
1404392033830
1404392631020
1404392655285
1404392666384
1404393247834
1404393272005
1404393872794
1404393896862
1404394489591
1404394513720
1404394525067
1404395135411
1404395159527
1404395170965
1404395751944
1404395775987
1404396366829
1404396390983
1404396979410
1404397003671
1404397590766
1404397614805
1404397625892
1404398202768
1404398227008
1404398816488
1404398840535
1404399442052
1404399466047
1404400058759
1404400083012
1404400671929
1404400696181
1404400707151
1404401286146
1404401310463
1404401321487
1404401893802
1404401918010
1404402519360
1404402543625
1404403131902
1404403156165
1404403746778
1404403771018
1404404360063
1404404384392
1404404984131
1404405008358
1404405018957
1404405618131
1404405642360
1404405652949
1404406247318
1404406271603
1404406282094
1404406877134
1404406901402
1404406912064
1404407516098
1404407540359
1404407551082
1404408138321
1404408175770
1404408803611
1404408827849
1404409442521
1404409466839
1404410073743
1404410097976
1404410108699
1404410705348
1404410729576
1404410740224
1404411348667
1404411372932
1404411383744
1404411976830
1404412001063
1404412011679
1404412615766
1404412640029
1404412650859
1404413248457
1404413272698
1404413282938
1404413896183
1404413920447
1404413931185
1404414529350
1404414553582
1404414564264
1404415157812
1404415182112
1404415192834
1404415787219
1404415811546
1404415822388
1404416435053
1404416459369
1404416470112
1404417069442
1404417093709
1404417723233
1404417753279
1404418395980
1404418425787
1404419070014
1404419099909
1404419783998
1404419813776
1404420486946
1404420517119
1404421198394
1404421235955
1404421246590
1404421871915
1404421911481
1404422574740
1404422605064
1404423246698
1404423291373
1404423937194
1404423981217
1404423983261
1404424672073
1404424701873
1404425356237
1404425386352
1404426075188
1404426104582
1404426742697
1404426772730
1404427430947
1404427461184
1404428129310
1404428159310
1404428802627
1404428846190
1404428856903
1404429469422
1404429514534
1404430151892
1404430195308
1404430205842
1404430839667
1404430869592
1404431552706
1404431583791
1404432288070
1404432324838
1404433047154
1404433094087
1404433787193
1404433818241
1404434537198
1404434573749
1404435288671
1404435319801
1404435992258
1404436023605
1404436762440
1404436798918
1404437490226
1404437526428
1404438237496
1404438268283
1404438975262
1404439006666
1404439726203
1404439757854
1404440457344
1404440493506
1404441234781
1404441279682
1404441995746
1404442040909
1404442042829
1404442785276
1404442816378
1404443555052
1404443601641
1404443612312
1404444270975
1404444321037
1404444331500
1404445029950
1404445082127
1404445092632
1404445815020
1404445860915
1404446603695
1404446651399
1404446661739
1404447472655
1404447525058
1404448313875
1404448374493
1404449146271
1404449226912
1404449237459
1404450056014
1404450094472
1404450907381
1404450959560
1404450970255
1404451769884
1404451807911
1404452607551
1404452645809
1404453450888
1404453489197
1404454291426
1404454330273
1404454340791
1404455098260
1404455141606
1404455951677
1404456004505
1404456845050
1404456883177
1404457733881
1404457771855
1404458603232
1404458656349
1404487171205
1404487195400
1404487195455
1404487796088
1404487820272
1404487820332
1404488423596
1404488447839
1404488447895
1404489058661
1404489082885
1404489082946
1404489694216
1404489718437
1404489718492
1404490322800
1404490347065
1404490347123
1404490950401
1404490974571
1404490974626
1404491580274
1404491604457
1404491604508
1404492200553
1404492224726
1404492224795
1404492828324
1404492852513
1404492852567
1404493457280
1404493481493
1404493481547
1404494095028
1404494119289
1404494119347
1404494724342
1404494748527
1404494748589
1404495353690
1404495377951
1404495977022
1404496001257
1404496001318
1404496602981
1404496627203
1404497224810
1404497249038
1404497855356
1404497879479
1404497879536
1404498483198
1404498507422
1404499109352
1404499133614
1404499133666
1404499739885
1404499764121
1404500358330
1404500382524
1404500975482
1404500999765
1404501010837
1404501593657
1404501617815
1404502215592
1404502239769
1404502833552
1404502857777
1404503460315
1404503484453
1404503495544
1404504077386
1404504101610
1404504699676
1404504723906
1404505316373
1404505340591
1404505351603
1404505934723
1404505959006
1404505970066
1404506553071
1404506577239
1404506588149
1404507177992
1404507202126
1404507796001
1404507820219
1404507831232
1404508414258
1404508438473
1404509033178
1404509057406
1404509068475
1404509657707
1404509681864
1404509692959
1404510275888
1404510300097
1404510901959
1404510926187
1404511519862
1404511544129
1404512169406
1404512193638
1404512204261
1404512813285
1404512837512
1404512848160
1404513476719
1404513513593
1404513524337
1404514149331
1404514173561
1404514184112
1404514810038
1404514834241
1404514844912
1404515463019
1404515487194
1404515497823
1404516117917
1404516142164
1404516152627
1404516779658
1404516803950
1404516814715
1404517452198
1404517476367
1404517486957
1404518120111
1404518144290
1404518757967
1404518782147
1404518792499
1404519399799
1404519423986
1404519434577
1404520051052
1404520075225
1404520085913
1404520709525
1404520733673
1404520744055
1404521352125
1404521376348
1404521387004
1404522031374
1404522055524
1404522066287
1404522673611
1404522697784
1404522708474
1404523320847
1404523345088
1404523355421
1404523960626
1404523984855
1404524619467
1404524643639
1404524654256
1404525310882
1404525345434
1404525355736
1404526038920
1404526074379
1404526814633
1404526849173
1404526859653
1404527520149
1404527555356
1404528212501
1404528247381
1404528945449
1404528980281
1404529672432
1404529706938
1404529717419
1404530387458
1404530422191
1404531106924
1404531146953
1404531157655
1404531836358
1404531891201
1404531901913
1404532568023
1404532602928
1404533310635
1404533345367
1404533999656
1404534023916
1404534715178
1404534744645
1404535457601
1404535505151
1404535515841
1404536183981
1404536219264
1404536951612
1404536996318
1404537665732
1404537695328
1404538384085
1404538424279
1404539117150
1404539164728
1404539175223
1404539888209
1404539929272
1404540739580
1404540795558
1404541599065
1404541640678
1404542487339
1404542538582
1404543358449
1404543454619
1404543465087
1404544238567
1404544309493
1404545091492
1404545132457
1404545896889
1404545932953
1404546716647
1404546771096
1404546781635
1404547577108
1404547633277
1404548432581
1404548473504
1404548484205
1404549212448
1404549254210
1404550015316
1404550070845
1404550081479
1404550944876
1404551006268
1404551763047
1404551804032
1404552540183
1404552580676
1404552591101
1404553393946
1404553450372
1404554199476
1404554235316
1404555066507
1404555150354
1404555160906
1404555954247
1404556005093
1404556829368
1404556920480
1404556930794
1404557843235
1404557886009
1404558860699
1404558920763
1404558931267
1404559874605
1404559929757
1404559940479
1404560861681
1404560931869
1404560942637
1404561883897
1404561941781
1404561952325
1404562872311
1404562928672
1404562938958
1404563877766
1404563925585
1404563935902
1404564848265
1404564926856
1404565820412
1404565883061
1404565893715
1404566872552
1404566950395
1404566961159
1404567933992
1404567977194
1404569054229
1404569131624
1404569142318
1404570024193
1404570087913
1404571022675
1404571113938
1404571124412
1404572034617
1404572092966
1404572989665
1404573067161
1404573077538
1404573935346
1404573978435
1404573989181
1404575008733
1404575066950
1404576036109
1404576091579
1404576102174
1404719493691
1404719534857
1404719545777
1404720314816
1404720356105
1404720367493
1404721090167
1404721131569
1404721958699
1404722000070
1404722010871
1404722745332
1404722802529
1404722814098
1404723589215
1404723656929
1404723667485
1404724380018
1404724421088
1404725232987
1404725274353
1404726146244
1404726206903
1404726217721
1404731671273
1404731744379
1404731755007
1404734031556
1404734097445
1404734874724
1404734930589
1404734941214
1404735757816
1404735797811
1404736575469
1404736611247
1404737392109
1404737463410
1404737473886
1404738197517
1404738239037
1404739051476
1404739105405
1404739116124
1404739887750
1404739944011
1404739954529
1404740705963
1404740747611
1404741550406
1404741597114
1404744342711
1404744384133
1404744394995
1404745194159
1404745240670
1404746051497
1404746092555
1404746103096
1404746892792
1404746933499
1404746944188
1404747755492
1404747816427
1404747827169
1404748588999
1404805434076
1404805475307
1404805485892
1404806267135
1404806303162
1404807016119
1404807057337
1404807898056
1404807950752
1404807961516
1404813784341
1404813808554
1404814407553
1404814431800
1404837030577
1404837058093
1404837661250
1404837688623
1404837688678
1404838294423
1404838321817
1404838321882
1404838927329
1404838954698
1404838954758
1404839559722
1404839587059
1404839587112
1404840192978
1404840220379
1404840220436
1404840825257
1404840852582
1404840852642
1404841460104
1404841487479
1404841487538
1404842095580
1404842122942
1404842123000
1404842731427
1404842758763
1404842758820
1404843367095
1404843394725
1404843985789
1404844013429
1404844612397
1404844640128
1404845231356
1404845258932
1404845852191
1404845879772
1404846471080
1404846498701
1404847090851
1404847118349
1404847711368
1404847738947
1404848344452
1404848372092
1404848963283
1404848990878
1404849596673
1404849625265
1404850230568
1404850267989
1404850278895
1404850892892
1404850921401
1404851552887
1404851581268
1404852230793
1404852267990
1404852278861
1404852880121
1404852908972
1404853519922
1404853557257
1404853568245
1404854186853
1404854215639
1404854824934
1404854853491
1404855457655
1404855486021
1404856129119
1404856163886
1404856821670
1404856856669
1404857485779
1404857520874
1404858175089
1404858210004
1404858872548
1404858907397
1404859612503
1404859647542
1404860318473
1404860353042
1404861005074
1404861040039
1404861672205
1404861707125
1404862356764
1404862392243
1404863059473
1404863104391
1404863115250
1404863832638
1404863884619
1404864556557
1404864592586
1404865270397
1404865306309
1404865985958
1404866041294
1404866052114
1404866718665
1404866755156
1404867501690
1404867537945
1404868234052
1404868271170
1404868974445
1404869011137
1404869678388
1404869713988
1404870423639
1404870481335
1404871234679
1404871281007
1404871291645
1404872070580
1404872114808
1404872873075
1404872911241
1404873672279
1404873714832
1404874488397
1404874531664
1404875300210
1404875339074
1404875349633
1404876127872
1404876165377
1404876981041
1404877031936
1404877042505
1404877866287
1404877908928
1404894834541
1404894861869
1404894861930
1404895461462
1404895488760
1404895488814
1404896090593
1404896117622
1404896117682
1404896722433
1404896749739
1404897348582
1404897375832
1404897375886
1404897975027
1404898002451
1404898002510
1404898609463
1404898636785
1404898636843
1404899246552
1404899273781
1404899273830
1404899879470
1404899906713
1404899906767
1404900514897
1404900542248
1404900542302
1404901155168
1404901192472
1404901787858
1404901815481
1404902409722
1404902437287
1404903030745
1404903058260
1404903653298
1404903680808
1404904286841
1404904314168
1404904908724
1404904936129
1404905530816
1404905558353
1404906154224
1404906181842
1404906775969
1404906803577
1404907407592
1404907435628
1404908038816
1404908067279
1404908674413
1404908702790
1404909322571
1404909351056
1404909954439
1404909982780
1404910604975
1404910633429
1404911252018
1404911288429
1404911299535
1404911898821
1404911926899
1404912532400
1404912560502
1404913179835
1404913208198
1404913850921
1404913885928
1404914569704
1404914604425
1404915254219
1404915289047
1404915911466
1404915945963
1404916601820
1404916644918
1404916655771
1404917283542
1404917318677
1404917983959
1404918018658
1404918648923
1404918684254
1404919332474
1404919367321
1404920028792
1404920063562
1404920696202
1404920740142
1404920750838
1404921400397
1404921436598
1404922146030
1404922182122
1404922900405
1404922936308
1404923646484
1404923682610
1404924357596
1404924394056
1404925098685
1404925133827
1404925852399
1404925888809
1404926574767
1404926610836
1404927331933
1404927368038
1404928102681
1404928148051
1404928158818
1404928951652
1404928993687
1404929806187
1404929858670
1404930635671
1404930693939
1404931445939
1404931483965
1404932235787
1404932278455
1404933054738
1404933097763
1404933879978
1404933917871
1404934718457
1404934776030
1404935591190
1404935649274
1404936352379
1404936379710
1404936379768
1404936989287
1404937016612
1404937016671
1404937620484
1404937647796
1404937647849
1404938251752
1404938279102
1404938279156
1404938882966
1404938910285
1404938910333
1404939514782
1404939542099
1404939542156
1404940145393
1404940172812
1404940172866
1404940786658
1404940814006
1404940814060
1404941419089
1404941446436
1404941446485
1404942050956
1404942078273
1404942078332
1404942695830
1404942723457
1404943320089
1404943347741
1404943941501
1404943968894
1404944565410
1404944592962
1404945184803
1404945212416
1404945804047
1404945831626
1404946423258
1404946450858
1404947042089
1404947069568
1404947661653
1404947689245
1404948281212
1404948308737
1404948913273
1404948941885
1404949546637
1404949575242
1404950179299
1404950207694
1404950823765
1404950852051
1404951456594
1404951485234
1404952094510
1404952123081
1404952740761
1404952768977
1404953383539
1404953411912
1404954020603
1404954048797
1404954653019
1404954681523
1404955323573
1404955358661
1404955995402
1404956030218
1404956652663
1404956687372
1404957355530
1404957390340
1404958041919
1404958077326
1404958741309
1404958775772
1404959398055
1404959432536
1404960053931
1404960088584
1404960709810
1404960744320
1404961385133
1404961420044
1404962072637
1404962108939
1404962800571
1404962837225
1404962847872
1404963540147
1404963581328
1404964285549
1404964337413
1404965056649
1404965093178
1404965104035
1404965763250
1404965799901
1404966502703
1404966553585
1404967270193
1404967306179
1404968028087
1404968064555
1404968775875
1404968812420
1404969540260
1404969583040
1404970342974
1404970396217
1404970406802
1404971142301
1404971186010
1404971960467
1404971997827
1404972766207
1404972804031
1404973580205
1404973623582
1404974380435
1404974417745
1404975159584
1404975225819
1404975236326
1404976003629
1404976042015
1404976816852
1404976860024
1404985094614
1404985121879
1404985727373
1404985754714
1404985754773
1404986351862
1404986378958
1404986379009
1404986978522
1404987005858
1404987005910
1404987610232
1404987637619
1404987637673
1404988240979
1404988268204
1404988268255
1404988870439
1404988897811
1404988897867
1404989511858
1404989539194
1404989539253
1404990151599
1404990178839
1404990178901
1404990785894
1404990813235
1404990813293
1404991414847
1404991442220
1404992035380
1404992062920
1404992660521
1404992687859
1404993290735
1404993318286
1404993910184
1404993937830
1404994529463
1404994557124
1404995153102
1404995180612
1404995782787
1404995810323
1404996407912
