1404306689034
1404307419948
1404308140183
1404308857525
1404309666545
1404311299036
1404312037138
1404312917807
1404313667874
1404315596360
1404316315974
1404317282556
1404372812254
1404374274661
1404375736947
1404376293440
1404377528440
1404378139627
1404380290735
1404380910802
1404381536353
1404382158070
1404382786476
1404383408695
1404384033771
1404384652186
1404385279508
1404385913491
1404386537556
1404387160270
1404387781895
1404388400265
1404388972836
1404389597515
1404390223855
1404390844080
1404391464497
1404392084963
1404392706270
1404393323004
1404393948011
1404394565522
1404395211553
1404395827571
1404396442025
1404397054795
1404397665689
1404398278176
1404398892424
1404399518725
1404400134082
1404400747151
1404401361417
1404401969025
1404402594647
1404403208670
1404403822101
1404404435279
1404405064723
1404405693378
1404406322772
1404406952551
1404407591358
1404408227028
1404408881213
1404409520219
1404410148924
1404410780584
1404411424028
1404412052236
1404412691000
1404413323776
1404413971428
1404414604630
1404415233116
1404415862541
1404416510363
1404417146902
1404417821265
1404418484267
1404419158786
1404419866703
1404420590556
1404421292109
1404421984592
1404422663768
1404423349888
1404424036487
1404424762436
1404425444902
1404426162982
1404426831060
1404427514291
1404428218752
1404428902521
1404429573030
1404430251904
1404430928543
1404431648706
1404432399422
1404433159151
1404433877792
1404434633276
1404435379259
1404436103371
1404436873585
1404437586299
1404438327636
1404439081114
1404439832643
1404440558777
1404441339827
1404442107899
1404442896590
1404443658690
1404444378701
1404445155066
1404445941306
1404446745737
1404447606826
1404448440667
1404449316210
1404450169881
1404451024831
1404451875023
1404452727579
1404453550003
1404454394799
1404455217751
1404456070438
1404456959170
1404457853080
1404458722642
1404487248595
1404487873730
1404488501204
1404489139077
1404489771789
1404490400257
1404491027509
1404491657715
1404492277922
1404492905767
1404493534815
1404494172539
1404494801604
1404495429487
1404496054502
1404496678665
1404497300581
1404497932730
1404498558951
1404499186629
1404499815506
1404500433935
1404501051266
1404501669275
1404502291250
1404502909264
1404503535893
1404504153060
1404504775381
1404505391903
1404506010391
1404506628722
1404507253562
1404507871720
1404508490112
1404509108761
1404509733322
1404510351531
1404510977589
1404511595702
1404512245079
1404512903918
1404513565103
1404514225168
1404514885885
1404515538674
1404516193649
1404516855437
1404517527876
1404518197496
1404518833631
1404519475486
1404520126762
1404520785347
1404521427940
1404522107319
1404522749234
1404523396620
1404524037903
1404524695149
1404525422446
1404526137769
1404526900809
1404527613427
1404528310414
1404529038458
1404529769102
1404530495585
1404531218429
1404531957792
1404532666494
1404533403638
1404534102454
1404534808263
1404535561834
1404536272370
1404537054609
1404537748354
1404538482577
1404539226967
1404540011919
1404540874927
1404541720014
1404542606516
1404543533222
1404544379337
1404545197231
1404546012753
1404546869271
1404547703497
1404548551441
1404549324272
1404550169593
1404551071398
1404551883333
1404552644334
1404553520984
1404554320106
1404555218642
1404556075358
1404556999716
1404557962106
1404559040522
1404559999425
1404560996005
1404562026367
1404562998973
1404564034850
1404565002973
1404565952098
1404567034735
1404568082636
1404569200599
1404570174331
1404571189226
1404572179657
1404573151489
1404574048399
1404575139722
1404576181140
1404719598027
1404720419609
1404721205383
1404722077753
1404722866477
1404723727259
1404724485534
1404725338494
1404726270431
1404731807672
1404734166409
1404735029094
1404735866827
1404736695572
1404737531989
1404738309571
1404739168791
1404740012294
1404740832399
1404741687209
1404744446894
1404745305122
1404746176443
1404746996329
1404747885782
1404805553822
1404806366966
1404807141218
1404808034896
1404813860139
1404837109453
1404837741052
1404838374385
1404839007605
1404839639864
1404840273137
1404840905078
1404841540585
1404842176124
1404842811920
1404843446238
1404844064707
1404844691544
1404845310366
1404845931319
1404846549978
1404847169827
1404847792262
1404848423560
1404849042332
1404849677059
1404850323126
1404850973201
1404851633128
1404852323335
1404852960188
1404853612695
1404854266987
1404854904760
1404855537830
1404856221541
1404856908986
1404857573532
1404858277847
1404858980150
1404859699699
1404860425652
1404861102457
1404861764573
1404862444626
1404863177736
1404863943295
1404864652289
1404865380359
1404866103568
1404866849665
1404867596995
1404868345284
1404869079916
1404869773321
1404870541650
1404871361019
1404872213779
1404872996889
1404873785491
1404874616782
1404875413600
1404876250890
1404877126897
1404877999010
1404894914611
1404895541058
1404896169074
1404896802636
1404897427613
1404898055355
1404898690061
1404899325733
1404899959517
1404900595180
1404901246831
1404901866866
1404902488399
1404903109708
1404903732065
1404904365748
1404904987515
1404905609738
1404906233058
1404906855066
1404907487544
1404908118871
1404908754711
1404909402667
1404910034315
1404910685202
1404911343830
1404911978534
1404912612451
1404913259791
1404913943639
1404914661931
1404915346459
1404915998502
1404916706954
1404917371120
1404918071027
1404918757191
1404919435423
1404920115825
1404920803799
1404921505600
1404922251702
1404923015198
1404923742221
1404924452365
1404925192801
1404925947402
1404926670534
1404927442339
1404928233676
1404929069723
1404929945139
1404930774249
1404931554743
1404932356084
1404933158763
1404933983932
1404934856538
1404935715166
1404936432613
1404937069399
1404937700544
1404938331619
1404938963048
1404939594985
1404940225637
1404940867048
1404941499168
1404942131298
1404942774914
1404943399228
1404944020447
1404944644468
1404945264052
1404945883094
1404946502155
1404947121107
1404947740755
1404948360310
1404948993640
1404949627061
1404950264640
1404950903646
1404951542180
1404952174400
1404952825236
1404953463409
1404954101083
1404954733019
1404955416467
1404956082720
1404956745234
1404957448015
1404958135800
1404958827928
1404959485000
1404960146207
1404960817533
1404961472173
1404962167563
1404962899655
1404963640260
1404964412303
1404965170842
1404965858367
1404966612240
1404967375028
1404968123947
1404968871242
1404969674105
1404970466796
1404971251847
1404972077659
1404972865015
1404973699141
1404974478469
1404975294943
1404976101750
1404976935369
1404985172953
1404985807697
1404986430566
1404987058777
1404987690479
1404988320452
1404988955561
1404989592279
1404990231714
1404990865720
1404991493484
1404992118267
1404992739351
1404993369910
1404993989104
1404994608544
1404995244327
1404995861833
