1403007690270
1403007690270
1403007722251
1403007732256
1403007732294
1403007746518
1403007746518
1403007778650
1403007789056
1403007789094
1403007803423
1403007803424
1403007836098
1403007846076
1403007846115
1403007860682
1403007860682
1403007894058
1403007904379
1403007904418
1403007918486
1403007918487
1403007952507
1403007963027
1403007963066
1403007976917
1403007976918
1403008011490
1403008021942
1403008021981
1403008036021
1403008036021
1403008071243
1403008082074
1403008082113
1403008095816
1403008095817
1403008132298
1403008143192
1403008143231
1403008156991
1403008156992
1403008194119
1403008205514
1403008205552
1403008218616
1403008218617
1403008256369
1403008267399
1403008267437
1403008281269
1403008281270
1403008319672
1403008331307
1403008331346
1403008344273
1403008344274
1403008383287
1403008394479
1403008394519
