1404306742163
1404307472663
1404308207750
1404308916640
1404309741477
1404311364995
1404312106018
1404312971292
1404313719217
1404315650077
1404316392876
1404317331070
1404372237875
1404372860253
1404375783592
1404376340075
1404377575187
1404378186408
1404380339135
1404380957351
1404381585204
1404382204590
1404382834914
1404383457222
1404384082217
1404384700595
1404385328026
1404385962154
1404386586047
1404387208643
1404387828370
1404388447175
1404389021285
1404389644234
1404390272206
1404390891827
1404391512360
1404392133210
1404392752793
1404393369655
1404393995515
1404394613301
1404395259039
1404395874243
1404396488484
1404397101071
1404397712301
1404398324584
1404398938838
1404399566200
1404400180422
1404400793527
1404401407768
1404402015316
1404402641084
1404403255136
1404403868558
1404404481468
1404405111084
1404405739749
1404406369331
1404406999127
1404407637761
1404408273324
1404408927788
1404409566597
1404410195494
1404410826922
1404411471538
1404412103507
1404412737427
1404413370108
1404414017806
1404414651033
1404415279560
1404415908983
1404416556792
1404417193295
1404417881069
1404418538555
1404419207407
1404419920388
1404420635039
1404421340514
1404422029475
1404422712259
1404423398328
1404424085046
1404424810944
1404425493461
1404426211398
1404426879215
1404427562887
1404428267291
1404428951056
1404429621469
1404430300325
1404430981978
1404431723844
1404432456023
1404433213832
1404433932053
1404434708985
1404435434237
1404436154158
1404436928620
1404437641197
1404438396945
1404439147248
1404439887959
1404440628836
1404441409974
1404442196816
1404442956564
1404443713277
1404444435959
1404445243044
1404446010692
1404446836170
1404447689058
1404448502298
1404449375352
1404450240029
1404451095985
1404451936782
1404452785284
1404453626899
1404454456495
1404455286955
1404456145376
1404457024715
1404457914573
1404458783020
1404487297168
1404487922508
1404488550059
1404489187913
1404489818662
1404490447233
1404491076100
1404491706541
1404492326594
1404492954385
1404493581684
1404494221322
1404494849955
1404495478208
1404496101247
1404496727132
1404497349154
1404497981484
1404498607784
1404499235387
1404499862229
1404500480930
1404501098140
1404501716205
1404502338207
1404502961086
1404503582812
1404504199893
1404504822374
1404505438767
1404506057288
1404506679593
1404507300327
1404507918584
1404508537100
1404509155636
1404509780255
1404510402145
1404511024453
1404511642598
1404512292034
1404512948539
1404513612062
1404514271991
1404514932645
1404515585606
1404516240717
1404516902516
1404517574630
1404518244399
1404518880599
1404519522441
1404520173717
1404520832458
1404521474966
1404522154190
1404522796100
1404523443458
1404524084630
1404524741966
1404525481896
1404526189799
1404526949532
1404527662106
1404528360134
1404529086951
1404529832844
1404530540051
1404531267062
1404532004709
1404532713315
1404533450641
1404534148512
1404534855257
1404535610510
1404536320701
1404537103322
1404537797055
1404538531197
1404539284071
1404540064754
1404540930961
1404541814580
1404542675994
1404543592783
1404544472462
1404545256826
1404546068766
1404546927086
1404547770422
1404548607110
1404549376933
1404550229378
1404551131008
1404551939342
1404552703680
1404553605655
1404554382935
1404555296854
1404556132907
1404557064265
1404558063638
1404559105292
1404560081136
1404561082107
1404562090895
1404563096363
1404564094026
1404565074875
1404566016811
1404567096907
1404568169598
1404569279802
1404570239131
1404571275278
1404572252066
1404573234594
1404574124546
1404575225901
1404576248078
1404719657498
1404720479085
1404721284903
1404722135964
1404722931309
1404723785484
1404724569994
1404725422044
1404726349384
1404731866670
1404734240772
1404735104510
1404735940715
1404736763821
1404737589635
1404738403505
1404739243251
1404740090286
1404740895170
1404741759761
1404744521687
1404745399394
1404746234364
1404747091406
1404747959949
1404805618494
1404806427128
1404807229964
1404808098463
1404813907140
1404837158032
1404837789278
1404838422676
1404839055678
1404839688148
1404840321163
1404840953551
1404841589144
1404842224599
1404842860454
1404843492919
1404844114418
1404844738356
1404845357223
1404845978431
1404846596946
1404847216483
1404847838948
1404848470280
1404849088874
1404849724039
1404850370455
1404851020314
1404851691744
1404852369996
1404853007460
1404853659483
1404854313580
1404854952030
1404855584767
1404856279287
1404856956442
1404857624975
1404858328177
1404859033255
1404859747446
1404860476925
1404861151922
1404861812596
1404862492063
1404863243321
1404863997294
1404864725378
1404865434018
1404866157916
1404866916274
1404867650513
1404868418815
1404869135790
1404869827111
1404870597024
1404871418767
1404872285983
1404873057437
1404873845233
1404874698982
1404875473481
1404876325879
1404877184142
1404878066239
1404894961827
1404895589468
1404896217481
1404896849880
1404897475528
1404898103568
1404898737308
1404899373562
1404900007956
1404900643721
1404901293570
1404901913695
1404902535201
1404903156104
1404903778777
1404904412634
1404905034590
1404905656411
1404906280255
1404906902059
1404907534239
1404908165874
1404908801046
1404909449883
1404910081642
1404910732351
1404911390799
1404912025301
1404912671011
1404913317986
1404913991563
1404914709391
1404915393890
1404916047031
1404916754504
1404917424389
1404918118519
1404918814897
1404919485183
1404920168697
1404920860541
1404921574288
1404922309649
1404923076053
1404923795650
1404924506401
1404925247081
1404926011170
1404926738701
1404927510954
1404928308811
1404929146667
1404930010123
1404930834851
1404931615357
1404932420044
1404933218304
1404934038919
1404934920119
1404935771655
1404936484530
1404937117759
1404937748931
1404938379494
1404939011331
1404939643208
1404940273783
1404940915363
1404941547403
1404942179413
1404942822905
1404943446204
1404944068177
1404944691306
1404945310902
1404945929947
1404946548711
1404947167921
1404947787339
1404948407011
1404949040632
1404949673886
1404950310885
1404950951093
1404951588974
1404952221629
1404952872763
1404953510775
1404954147581
1404954779958
1404955463902
1404956130065
1404956803112
1404957495483
1404958183599
1404958875689
1404959532282
1404960193540
1404960864999
1404961519418
1404962236866
1404962973175
1404963709410
1404964468704
1404965223640
1404965911854
1404966665983
1404967430486
1404968177438
1404968924825
1404969739115
1404970521997
1404971307379
1404972137376
1404972939639
1404973771728
1404974539002
1404975356033
1404976156714
1404977002469
1404985221053
1404985856199
1404986477903
1404987106876
1404987738692
1404988367776
1404989003944
1404989640737
1404990279216
1404990913865
1404991540163
1404992165164
1404992786093
1404993416681
1404994035965
1404994655031
1404995291537
1404995908583
