1404307542200
1404307573654
1404308282083
1404308314023
1404308986518
1404309012759
1404309822266
1404309848433
1404311437455
1404311469362
1404312177426
1404312209107
1404313056634
1404313088678
1404313795019
1404313841657
1404315719780
1404315751615
1404315762166
1404316477569
1404316503954
1404317396426
1404317422567
1404317422621
1404372304241
1404372330065
1404372330122
1404372925817
1404372951793
1404372951845
1404374847020
1404374872805
1404374872878
1404375853374
1404375879272
1404376746400
1404376772309
1404377639647
1404377665471
1404378250188
1404378276149
1404378276205
1404380406310
1404380432154
1404380432225
1404381023875
1404381049827
1404381049885
1404381652618
1404381678629
1404381678684
1404382272241
1404382298253
1404382298315
1404382900130
1404382926157
1404382926216
1404383524619
1404383550670
1404383550731
1404384147280
1404384173291
1404384173352
1404384768017
1404384794082
1404384794137
1404385393417
1404385419509
1404385419564
1404386029486
1404386055526
1404386055587
1404386651192
1404386677224
1404386677284
1404387277226
1404387303251
1404387303311
1404387895555
1404387921643
1404388514040
1404388540153
1404388540205
1404389088244
1404389114265
1404389114319
1404389711025
1404389737077
1404389737139
1404390337592
1404390363621
1404390957747
1404390983595
1404390983653
1404391578224
1404391604120
1404391604175
1404392198512
1404392224506
1404392224562
1404392816590
1404392842565
1404393435243
1404393461126
1404394058914
1404394084725
1404394679846
1404394705638
1404395323487
1404395349338
1404395937804
1404395963814
1404396551796
1404396577666
1404397164339
1404397190341
1404397775661
1404397801455
1404398387834
1404398413744
1404399003389
1404399029272
1404399631011
1404399656645
1404400243582
1404400269615
1404400856529
1404400882615
1404401470679
1404401496678
1404402078381
1404402104420
1404402703859
1404402729927
1404403318190
1404403344210
1404403931830
1404403957847
1404404544754
1404404570775
1404405174103
1404405200121
1404405802846
1404405828864
1404406432739
1404406458760
1404407062286
1404407088321
1404407700690
1404407726693
1404408336209
1404408362235
1404408990776
1404409016796
1404409629703
1404409655729
1404410258730
1404410284735
1404410890474
1404410916508
1404411534623
1404411560651
1404412166723
1404412192704
1404412800672
1404412826710
1404413451357
1404413477398
1404414080736
1404414106763
1404414714041
1404414740065
1404415342630
1404415368658
1404415990493
1404416016577
1404416620540
1404416646618
1404417256168
1404417282188
1404417942403
1404417968517
1404417979386
1404418603869
1404418629890
1404418640902
1404419285893
1404419311913
1404419322505
1404419985782
1404420011850
1404420022607
1404420713458
1404420739499
1404420750431
1404421416883
1404421442877
1404421453574
1404422092549
1404422118577
1404422129341
1404422777489
1404422803577
1404423463661
1404423489681
1404423500437
1404424154974
1404424181046
1404424191673
1404424887416
1404424913428
1404424924306
1404425560681
1404425586697
1404425597614
1404426276497
1404426302523
1404426313421
1404426944360
1404426970468
1404427626051
1404427652072
1404427662672
1404428330382
1404428356408
1404428367216
1404429016286
1404429042307
1404429053093
1404429686694
1404429712683
1404429723095
1404430370552
1404430396550
1404431047142
1404431073214
1404431796271
1404431843060
1404432529163
1404432566683
1404433286921
1404433331324
1404433342174
1404434005049
1404434036278
1404434046692
1404434778307
1404434810355
1404435506933
1404435538835
1404436226985
1404436271670
1404436282162
1404437001470
1404437032905
1404437714001
1404437760283
1404438469493
1404438501002
1404439220423
1404439265132
1404439275937
1404439965650
1404439996808
1404440699658
1404440730829
1404441496599
1404441541488
1404441552106
1404442265892
1404442297388
1404443029164
1404443061018
1404443780678
1404443812008
1404444514509
1404444540557
1404445322784
1404445367385
1404445378020
1404446083499
1404446115246
1404446927049
1404446965213
1404447769794
1404447813094
1404447823691
1404448579806
1404448617767
1404449464885
1404449503168
1404449513865
1404450320349
1404450353038
1404451182214
1404451228606
1404452016369
1404452067127
1404452077419
1404452874575
1404452922272
1404453711634
1404453749344
1404454551217
1404454589852
1404455365083
1404455403021
1404456246998
1404456298468
1404456309073
1404457123865
1404457161562
1404457998682
1404458037237
1404458860986
1404458898929
1404487362670
1404487388606
1404487989831
1404488015824
1404488615609
1404488641575
1404488641635
1404489255579
1404489281703
1404489281764
1404489884536
1404489910471
1404489910528
1404490515212
1404490541147
1404490541199
1404491143970
1404491169946
1404491170010
1404491770557
1404491796528
1404491796591
1404492394433
1404492420434
1404492420495
1404493022157
1404493048069
1404493048121
1404493649313
1404493675318
1404493675364
1404494289293
1404494315309
1404494315356
1404494915975
1404494941876
1404494941936
1404495543828
1404495569762
1404496168747
1404496194778
1404496194832
1404496792999
1404496819072
1404496819120
1404497416658
1404497442662
1404497442719
1404498048989
1404498074996
1404498075047
1404498672040
1404498698005
1404498698067
1404499301490
1404499327543
1404499327600
1404499926456
1404499952515
1404500544903
1404500570822
1404501162103
1404501188102
1404501780418
1404501806382
1404502402173
1404502428167
1404503025280
1404503051195
1404503646921
1404503672915
1404504264039
1404504290005
1404504886554
1404504912488
1404505503028
1404505528992
1404506121372
1404506147354
1404506743683
1404506769713
1404507364364
1404507390308
1404507982691
1404508008679
1404508601292
1404508627239
1404509222400
1404509248384
1404509844341
1404509870287
1404510466011
1404510492007
1404511088551
1404511114610
1404511706594
1404511732590
1404512355927
1404512381909
1404513012559
1404513038544
1404513676018
1404513701963
1404514336198
1404514362196
1404514996837
1404515022802
1404515649581
1404515675562
1404515686689
1404516304781
1404516330734
1404516966752
1404517005740
1404517638655
1404517664676
1404518308367
1404518334356
1404518944575
1404518970568
1404519586520
1404519625365
1404520237807
1404520263802
1404520896358
1404520922312
1404521552039
1404521577968
1404522222402
1404522248376
1404522860244
1404522886204
1404523507638
1404523533597
1404524148782
1404524187590
1404524806039
1404524832004
1404525550578
1404525576495
1404525587426
1404526268724
1404526294650
1404526305436
1404527015234
1404527041155
1404527051855
1404527728159
1404527754200
1404527764983
1404528425860
1404528451856
1404528462823
1404529169181
1404529195078
1404529206003
1404529894941
1404529920949
1404529931448
1404530607372
1404530633326
1404530644258
1404531345859
1404531371798
1404531382777
1404532075642
1404532101642
1404532112522
1404532779065
1404532805031
1404532815809
1404533516498
1404533542432
1404533553518
1404534214547
1404534240571
1404534251375
1404534920965
1404534946913
1404534957946
1404535678891
1404535704873
1404535715644
1404536386709
1404536412766
1404537168994
1404537194964
1404537205958
1404537863157
1404537889083
1404537900117
1404538596963
1404538622950
1404538633698
1404539349663
1404539375623
1404539386037
1404540146774
1404540183377
1404540997941
1404541041986
1404541052462
1404541880731
1404541936961
1404541947415
1404542763446
1404542789442
1404543687160
1404543713157
1404544564957
1404544601312
1404545345147
1404545386775
1404546167648
1404546193644
1404547019942
1404547061645
1404547842087
1404547878800
1404548682997
1404548714307
1404549449146
1404549480231
1404550356794
1404550382781
1404551208720
1404551234665
1404552011953
1404552048476
1404552800611
1404552846742
1404553683975
1404553720541
1404553731124
1404554479318
1404554515521
1404555391899
1404555423531
1404556210676
1404556247802
1404557162877
1404557199813
1404558147054
1404558225792
1404558236519
1404559197761
1404559275020
1404559285755
1404560161636
1404560204992
1404560215410
1404561181225
1404561256364
1404562190530
1404562233390
1404562244055
1404563176151
1404563239306
1404563249620
1404564193352
1404564231190
1404565156381
1404565218638
1404565228941
1404566115321
1404566157555
1404566167953
1404567209594
1404567267818
1404568283766
1404568356926
1404569360913
1404569403477
1404569414106
1404570335206
1404570378251
1404571369482
1404571416992
1404571427688
1404572335234
1404572377968
1404573317475
1404573360663
1404574209678
1404574257248
1404575354145
1404575404782
1404575415445
1404576361740
1404576434371
1404719743770
1404719791659
1404719802530
1404720566518
1404720612941
1404720623600
1404721375872
1404721401748
1404722213244
1404722254620
1404722265174
1404722997870
1404723034017
1404723874042
1404723905075
1404724645582
1404724686867
1404724697615
1404725517887
1404725548851
1404726431335
1404731960280
1404731991254
1404732002528
1404734318417
1404734354833
1404735191008
1404735227433
1404736006159
1404736037156
1404736047928
1404736840216
1404736876646
1404737672259
1404737708390
1404737719329
1404738479911
1404738510963
1404739330581
1404739366850
1404740163451
1404740199858
1404740977245
1404741026126
1404741036710
1404741847593
1404741893603
1404744592780
1404744664133
1404745486264
1404745527363
1404746311517
1404746368050
1404746378787
1404747163850
1404747205557
1404747215933
1404748030261
1404748066623
1404805710200
1404805741262
1404806504156
1404806535105
1404806545462
1404807311686
1404807342834
1404808175575
1404808221693
1404813973185
1404813999086
1404813999148
1404837224601
1404837251896
1404837251960
1404837854521
1404837881861
1404837881922
1404838488242
1404838515583
1404838515642
1404839120998
1404839148361
1404839148415
1404839753720
1404839781071
1404839781124
1404840386700
1404840414053
1404840414114
1404841019312
1404841046674
1404841046732
1404841655038
1404841682409
1404841682467
1404842290435
1404842317807
1404842317866
1404842926093
1404842953511
1404842953567
1404843554913
1404843582435
1404844176451
1404844204045
1404844800389
1404844828006
1404845419366
1404845447022
1404846040490
1404846068118
1404846659026
1404846686617
1404847278506
1404847306142
1404847901121
1404847928753
1404848532350
1404848559932
1404849151080
1404849178798
1404849785394
1404849814419
1404850441715
1404850480833
1404851086915
1404851115451
1404851754210
1404851793360
1404852431588
1404852459975
1404853068879
1404853097362
1404853720858
1404853749482
1404854375378
1404854403906
1404855013579
1404855042091
1404855648009
1404855676474
1404856342072
1404856371628
1404857017014
1404857046945
1404857689759
1404857719723
1404858407321
1404858436857
1404859093881
1404859132738
1404859820394
1404859850472
1404860537579
1404860576574
1404861212545
1404861242540
1404861877158
1404861906418
1404862553467
1404862583272
1404863329664
1404863381342
1404864063241
1404864099430
1404864792063
1404864830924
1404864841667
1404865500768
1404865537393
1404866239302
1404866270069
1404866985245
1404867021744
1404867729367
1404867766267
1404868492251
1404868523225
1404869201777
1404869232649
1404869908166
1404869939196
1404870676201
1404870745002
1404871491005
1404871548888
1404872358880
1404872396280
1404873129329
1404873172375
1404873933576
1404873971864
1404874784244
1404874822092
1404875546792
1404875589779
1404876403276
1404876446646
1404877258653
1404877316807
1404877327313
1404878156441
1404878195638
1404878206024
1404895027026
1404895054221
1404895054279
1404895655185
1404895682481
1404895682541
1404896283514
1404896310733
1404896310788
1404896913870
1404896941058
1404896941112
1404897539688
1404897566918
1404897566972
1404898168994
1404898196340
1404898196396
1404898802665
1404898830008
1404898830067
1404899437989
1404899465352
1404899465407
1404900073695
1404900101090
1404900101143
1404900709442
1404900736825
1404900736879
1404901355813
1404901383277
1404901978490
1404902005812
1404902597144
1404902624714
1404903218463
1404903245863
1404903840682
1404903868194
1404904475026
1404904502428
1404905098107
1404905125461
1404905718792
1404905746332
1404906342718
1404906370114
1404906964363
1404906991947
1404907595567
1404907623867
1404908227866
1404908256032
1404908862387
1404908890732
1404909511635
1404909540423
1404910143244
1404910171459
1404910793410
1404910821594
1404911452176
1404911480746
1404912087921
1404912116574
1404912735844
1404912764513
1404913380239
1404913408731
1404914053535
1404914083487
1404914770148
1404914811104
1404915454472
1404915484456
1404916119450
1404916157939
1404916815238
1404916844580
1404917485275
1404917515126
1404918179016
1404918208821
1404918877115
1404918906907
1404919545634
1404919575246
1404920229410
1404920258962
1404920927139
1404920963522
1404921640575
1404921677424
1404922387859
1404922423826
1404923157876
1404923204786
1404923215408
1404923862492
1404923893823
1404923904768
1404924572716
1404924616779
1404924627507
1404925313526
1404925349762
1404926079637
1404926130850
1404926806961
1404926853332
1404927587004
1404927623242
1404928382060
1404928419460
1404929229911
1404929267515
1404930094311
1404930132871
1404930143428
1404930902501
1404930956245
1404931684177
1404931721024
1404932503254
1404932546337
1404933313628
1404933366536
1404933377274
1404934127368
1404934184814
1404935009023
1404935051842
1404935839378
1404935878054
1404935888742
1404936550284
1404936577595
1404936577650
1404937182760
1404937210055
1404937210106
1404937814285
1404937841579
1404937841634
1404938444778
1404938472153
1404938472211
1404939076635
1404939103968
1404939104023
1404939708599
1404939735913
1404939735967
1404940339173
1404940366470
1404940366522
1404940980777
1404941008174
1404941008241
1404941612559
1404941639876
1404941639932
1404942244471
1404942271781
1404942271842
1404942885208
1404942912895
1404943508520
1404943536050
1404944130486
1404944158019
1404944753591
1404944781214
1404945372897
1404945400391
1404945992043
1404946019543
1404946610824
1404946638400
1404947230009
1404947257510
1404947849803
1404947877280
1404948469309
1404948497096
1404949102111
1404949130530
1404949735453
1404949763859
1404950372630
1404950401193
1404951012332
1404951041003
1404951650645
1404951679164
1404952283228
1404952322126
1404952934139
1404952962643
1404953571982
1404953600365
1404954209239
1404954237607
1404954845259
1404954874001
1404955524440
1404955554119
1404956190830
1404956220695
1404956865713
1404956894982
1404957556221
1404957586065
1404958244179
1404958274873
1404958936102
1404958965266
1404959593197
1404959623393
1404960254265
1404960283936
1404960925483
1404960955145
1404961592215
1404961621765
1404962303229
1404962339282
1404963046528
1404963082549
1404963790442
1404963827153
1404964539415
1404964570258
1404965290151
1404965326622
1404965978053
1404966014464
1404966732914
1404966769146
1404967502045
1404967538701
1404968244289
1404968280652
1404968991356
1404969028459
1404969809177
1404969847276
1404969857792
1404970601583
1404970639686
1404971375200
1404971412977
1404972225656
1404972276806
1404972287520
1404973012954
1404973071406
1404973854026
1404973891218
1404974627158
1404974670345
1404975429220
1404975482159
1404976238905
1404976297004
1404977070284
1404977108431
1404985287242
1404985314404
1404985314462
1404985921046
1404985948310
1404985948360
1404986542690
1404986569799
1404986569854
1404987172237
1404987199530
1404987199589
1404987804399
1404987831762
1404987831820
1404988431766
1404988459053
1404988459109
1404989069381
1404989096741
1404989096800
1404989706573
1404989733960
1404989734014
1404990344763
1404990372133
1404990372186
1404990979125
1404991006487
1404991006541
1404991602327
1404991629776
1404992227241
1404992254848
1404992848208
1404992875857
1404993478843
1404993506419
1404994098124
1404994125707
1404994717082
1404994744735
1404995353857
1404995381439
1404995970845
1404995998519
