1404306067928
1404307039066
1404307762481
1404308480138
1404309240601
1404310870217
1404311639373
1404312533569
1404313257547
1404314011984
1404315934031
1404316683570
1404317595248
1404372503240
1404373963493
1404375042937
1404376944302
1404377832284
1404378445819
1404380603142
1404381221372
1404381849082
1404382470915
1404383098330
1404383723315
1404384345537
1404384968759
1404385593950
1404386229278
1404386851411
1404387475693
1404388089836
1404388663789
1404389286218
1404389909162
1404390534200
1404391155261
1404391776521
1404392395092
1404393009210
1404393632447
1404394251841
1404394898059
1404395516579
1404396131130
1404396743934
1404397357208
1404397967541
1404398580481
1404399202083
1404399822566
1404400435331
1404401048442
1404401662704
1404402269997
1404402895851
1404403510021
1404404123858
1404404736611
1404405365895
1404405994766
1404406624560
1404407254256
1404407892507
1404408541576
1404409195905
1404409821576
1404410458653
1404411082380
1404411726248
1404412363023
1404412992548
1404413643379
1404414272558
1404414906090
1404415534373
1404416182407
1404416812473
1404417447971
1404418134258
1404418808762
1404419495202
1404420190610
1404420905555
1404421608728
1404422284389
1404422969509
1404423656953
1404424364629
1404425079404
1404425768036
1404426481601
1404427140215
1404427818086
1404428522439
1404429208231
1404429878756
1404430577953
1404431239138
1404432011013
1404432736871
1404433499572
1404434223171
1404434980588
1404435714933
1404436456051
1404437203309
1404437930352
1404438701367
1404439436864
1404440168882
1404440912389
1404441709599
1404442480634
1404443244564
1404443984346
1404444725860
1404445535392
1404446285380
1404447181268
1404448011241
1404448836334
1404449722870
1404450556113
1404451459853
1404452276997
1404453132833
1404453961921
1404454789865
1404455609790
1404456517650
1404457383374
1404458274056
1404459116278
1404487559767
1404488189129
1404488816872
1404489459132
1404490087805
1404490714016
1404491344459
1404491967836
1404492591996
1404493220972
1404493853945
1404494488039
1404495112519
1404495740941
1404496368114
1404496992263
1404497617235
1404498250284
1404498872859
1404499500644
1404500120346
1404500738166
1404501355671
1404501974156
1404502595839
1404503223939
1404503840594
1404504458013
1404505080376
1404505697024
1404506315411
1404506940763
1404507558123
1404508176398
1404508795286
1404509415909
1404510037996
1404510659817
1404511282271
1404511900452
1404512549905
1404513206352
1404513869819
1404514538215
1404515203600
1404515858388
1404516498726
1404517190981
1404517832498
1404518502175
1404519138509
1404519793189
1404520435423
1404521090328
1404521758349
1404522416304
1404523053850
1404523701685
1404524359709
1404525000029
1404525744256
1404526461944
1404527208624
1404527922181
1404528619351
1404529362948
1404530101685
1404530801212
1404531539327
1404532282521
1404532988026
1404533710038
1404534413193
1404535114805
1404535872876
1404536593418
1404537362783
1404538070042
1404538803596
1404539556298
1404540367616
1404541224738
1404542120095
1404542973918
1404543886129
1404544772713
1404545569305
1404546366593
1404547233236
1404548055273
1404548895984
1404549650786
1404550603518
1404551416435
1404552217831
1404553061248
1404553891840
1404554698105
1404555617661
1404556419474
1404557446691
1404558461833
1404559509424
1404560452415
1404561469812
1404562497313
1404563488603
1404564476723
1404565465256
1404566425733
1404567547991
1404568621074
1404569644144
1404570598979
1404571666590
1404572610847
1404573594780
1404574521408
1404575656836
1404576724400
1404719963874
1404720787575
1404721601115
1404722424858
1404723206585
1404724076990
1404724888399
1404725748472
1404731304301
1404732197822
1404734524038
1404735419660
1404736229703
1404737061371
1404737877288
1404738698179
1404739539197
1404740371216
1404741251541
1404742075289
1404744835661
1404745709136
1404746539807
1404747388772
1404748248711
1404805925656
1404806707016
1404807524456
1404808409098
1404814171005
1404837424514
1404838056325
1404838689244
1404839321764
1404839954802
1404840587636
1404841221218
1404841856576
1404842492389
1404843128235
1404843748904
1404844375352
1404844994464
1404845614942
1404846234414
1404846853261
1404847474553
1404848094866
1404848726365
1404849346907
1404849980213
1404850648792
1404851285344
1404851961429
1404852625936
1404853264030
1404853915245
1404854570042
1404855207810
1404855842603
1404856562530
1404857212593
1404857884943
1404858602804
1404859314543
1404860028649
1404860745467
1404861407977
1404862072310
1404862748945
1404863552540
1404864265025
1404865000251
1404865720962
1404866440941
1404867209563
1404867949101
1404868702497
1404869398170
1404870110275
1404870942686
1404871732851
1404872591158
1404873368891
1404874154688
1404875012028
1404875786290
1404876672775
1404877533441
1404878422550
1404895226121
1404895856697
1404896483933
1404897114098
1404897737566
1404898371002
1404899005901
1404899642282
1404900275624
1404900911627
1404901550358
1404902173831
1404902790489
1404903412191
1404904048385
1404904671102
1404905292858
1404905915901
1404906538760
1404907158212
1404907790147
1404908424447
1404909057093
1404909707297
1404910339301
1404910988082
1404911649507
1404912283312
1404912930933
1404913579312
1404914248838
1404914980310
1404915651027
1404916326871
1404917022507
1404917680811
1404918374855
1404919072611
1404919741812
1404920430227
1404921129014
1404921853511
1404922599639
1404923379800
1404924080700
1404924786399
1404925519806
1404926296144
1404927023859
1404927803090
1404928614930
1404929482965
1404930338566
1404931134188
1404931902856
1404932747960
1404933569637
1404934396630
1404935251440
1404936110038
1404936751373
1404937383068
1404938014628
1404938645361
1404939277376
1404939909368
1404940548611
1404941181510
1404941813527
1404942445229
1404943083370
1404943704585
1404944328501
1404944947900
1404945567089
1404946186126
1404946804996
1404947423908
1404948044075
1404948663554
1404949296877
1404949934887
1404950567539
1404951207204
1404951845174
1404952490527
1404953128368
1404953770831
1404954403915
1404955039721
1404955719847
1404956386040
1404957066589
1404957766662
1404958453941
1404959136606
1404959792883
1404960449660
1404961120567
1404961787665
1404962510063
1404963254385
1404963999294
1404964735866
1404965491974
1404966192424
1404966966983
1404967715457
1404968476165
1404969206249
1404970034945
1404970829528
1404971637445
1404972475373
1404973272203
1404974075633
1404974865903
1404975678524
1404976486741
1404977298537
1404985487180
1404986118895
1404986741429
1404987375089
1404988006355
1404988631531
1404989271382
1404989912686
1404990546705
1404991182706
1404991798250
1404992421477
1404993043629
1404993673042
1404994292165
1404994911070
1404995547877
1404996166889
