1404307142178
1404307179314
1404307190013
1404307865219
1404307897080
1404308582086
1404308613745
1404308624615
1404309368424
1404309400080
1404311008896
1404311040938
1404311762484
1404311794396
1404312652073
1404312683517
1404313360652
1404313391946
1404315274578
1404315337404
1404315348410
1404316037228
1404316073790
1404316799877
1404316831780
1404316842394
1404317064412
1404317087292
1404317087350
1404317692665
1404317715601
1404317715659
1404372599223
1404372622190
1404372632734
1404374061614
1404374084323
1404374084383
1404375524042
1404375546764
1404375546816
1404376082381
1404376105202
1404377038548
1404377061406
1404377926812
1404377949652
1404377960659
1404380072770
1404380095568
1404380095629
1404380697742
1404380720519
1404380720584
1404381316070
1404381338888
1404381338940
1404381944410
1404381967336
1404381977743
1404382566096
1404382589030
1404382599448
1404383193244
1404383216164
1404383216219
1404383818409
1404383841347
1404383841406
1404384438654
1404384461567
1404384461626
1404385063803
1404385086729
1404385086782
1404385695932
1404385718908
1404385718972
1404386324048
1404386346972
1404386347031
1404386944301
1404386967237
1404386977615
1404387568546
1404387591477
1404387591538
1404388186294
1404388208985
1404388209042
1404388758690
1404388781444
1404388781501
1404389381031
1404389403944
1404389403998
1404390006335
1404390029275
1404390029327
1404390629722
1404390652529
1404390652583
1404391250673
1404391273556
1404391273610
1404391870505
1404391893375
1404391893432
1404392494945
1404392517723
1404393110084
1404393132784
1404393733539
1404393756285
1404394352670
1404394375444
1404394998568
1404395021364
1404395616097
1404395638959
1404396231089
1404396253996
1404396843605
1404396866450
1404397455922
1404397478660
1404398067055
1404398089871
1404398680690
1404398703492
1404399302496
1404399325201
1404399922624
1404399945516
1404400535421
1404400558329
1404401148798
1404401171748
1404401757611
1404401780543
1404402370335
1404402393258
1404402995979
1404403018907
1404403610558
1404403633482
1404404224005
1404404246925
1404404837637
1404404866558
1404405466568
1404405495365
1404406095989
1404406124847
1404406725789
1404406754403
1404407367027
1404407395814
1404407993658
1404408022289
1404408642663
1404408684719
1404408695285
1404409296561
1404409325288
1404409922362
1404409951065
1404410559404
1404410588124
1404411195069
1404411223559
1404411827334
1404411855923
1404412463943
1404412492721
1404413097215
1404413125793
1404413744428
1404413773257
1404414373390
1404414402099
1404415007063
1404415035472
1404415635812
1404415664511
1404416283653
1404416312469
1404416913344
1404416942124
1404417563579
1404417593140
1404418236650
1404418266539
1404418910489
1404418940479
1404419608822
1404419638680
1404420304398
1404420334117
1404421021380
1404421056677
1404421711541
1404421741885
1404422401287
1404422446628
1404422457408
1404423087053
1404423116956
1404423772513
1404423802565
1404424466920
1404424530820
1404424541748
1404425181982
1404425226659
1404425885602
1404425915499
1404426583861
1404426613316
1404427256264
1404427286154
1404427952817
1404427982957
1404428629621
1404428659599
1404429310375
1404429340303
1404429981382
1404430011123
1404430680334
1404430710495
1404431343022
1404431402158
1404431412814
1404432119365
1404432150130
1404432852409
1404432883880
1404433603265
1404433634694
1404434326661
1404434358015
1404435084364
1404435129095
1404435139312
1404435819242
1404435850721
1404436575182
1404436626584
1404436637040
1404437306864
1404437360237
1404438047443
1404438078765
1404438805473
1404438836549
1404439543717
1404439588364
1404440272438
1404440303528
1404441046822
1404441091192
1404441828132
1404441859418
1404442584603
1404442636114
1404442646645
1404443362029
1404443397664
1404444088339
1404444119853
1404444835439
1404444872020
1404444882530
1404445639453
1404445676596
1404446408364
1404446446572
1404447287514
1404447325980
1404448129966
1404448163046
1404448959025
1404448997464
1404449858327
1404449903986
1404449914585
1404450701699
1404450747644
1404451578978
1404451617074
1404452417582
1404452468351
1404452479003
1404453254447
1404453286592
1404454085149
1404454133013
1404454910226
1404454948404
1404455736013
1404455789615
1404456630039
1404456675661
1404456686051
1404457505349
1404457571580
1404458415494
1404458448727
1404459237726
1404459275623
1404487032494
1404487055326
1404487055380
1404487655220
1404487678149
1404487678203
1404488284903
1404488307733
1404488307786
1404488914182
1404488937018
1404488937075
1404489555908
1404489578767
1404489578820
1404490183608
1404490206468
1404490216917
1404490809526
1404490832397
1404490832451
1404491439695
1404491462519
1404491462573
1404492063603
1404492086457
1404492096826
1404492687390
1404492710226
1404492710282
1404493316893
1404493339759
1404493339814
1404493951083
1404493973918
1404493973978
1404494583751
1404494606702
1404494606762
1404495213289
1404495236082
1404495236139
1404495838208
1404495861087
1404495861146
1404496461958
1404496484865
1404496484919
1404497087966
1404497110802
1404497110862
1404497716764
1404497739657
1404497750054
1404498344107
1404498366988
1404498377341
1404498968784
1404498991617
1404498991671
1404499602889
1404499625781
1404500221114
1404500243990
1404500838290
1404500861146
1404501456556
1404501479378
1404502078673
1404502101510
1404502696411
1404502719296
1404503322766
1404503345728
1404503940770
1404503963627
1404504558730
1404504581611
1404505179269
1404505202167
1404505797880
1404505820710
1404506416046
1404506438917
1404507041108
1404507063984
1404507658639
1404507681514
1404508277123
1404508300026
1404508896296
1404508919175
1404509520635
1404509543484
1404510138621
1404510161507
1404510760659
1404510783540
1404511383060
1404511405880
1404512011143
1404512044894
1404512055213
1404512651710
1404512685262
1404513325352
1404513359004
1404513971128
1404514024730
1404514035030
1404514654063
1404514687628
1404515308193
1404515336801
1404515963064
1404515996668
1404516007060
1404516605085
1404516645867
1404517297619
1404517325996
1404517950256
1404517983548
1404517994087
1404518608497
1404518642085
1404518652554
1404519244968
1404519278439
1404519289026
1404519899526
1404519928222
1404520547827
1404520581232
1404521195609
1404521229410
1404521879971
1404521908400
1404522522869
1404522551042
1404523160583
1404523199481
1404523210247
1404523806534
1404523839834
1404523850461
1404524464569
1404524493139
1404525111351
1404525166649
1404525864849
1404525899245
1404526608208
1404526642555
1404527334969
1404527374992
1404528034711
1404528074424
1404528085079
1404528746034
1404528780487
1404529486773
1404529526179
1404529536619
1404530209157
1404530248979
1404530909229
1404530964039
1404531652051
1404531686537
1404532390525
1404532425159
1404533106706
1404533151808
1404533818218
1404533852763
1404534525449
1404534560291
1404535244470
1404535284372
1404535294915
1404535995832
1404536045755
1404536056419
1404536734909
1404536769780
1404537475847
1404537525592
1404538181507
1404538233671
1404538244168
1404538926166
1404538961039
1404539670587
1404539724534
1404539735156
1404540479952
1404540541335
1404541361943
1404541417558
1404541428028
1404542269443
1404542320203
1404543086692
1404543162591
1404544006123
1404544059847
1404544070617
1404544887149
1404544927734
1404545684283
1404545725299
1404546493499
1404546546543
1404546557055
1404547352357
1404547408625
1404548202842
1404548264207
1404548274615
1404549010169
1404549051700
1404549780033
1404549850581
1404549860892
1404550732688
1404550794455
1404550804894
1404551547373
1404551593603
1404551604231
1404552331447
1404552388413
1404553187767
1404553228652
1404553239095
1404554010163
1404554051587
1404554832115
1404554898595
1404554909379
1404555752526
1404555793727
1404556554956
1404556618650
1404557591630
1404557666659
1404557677445
1404558626661
1404558674084
1404558684616
1404559637758
1404559691012
1404559701313
1404560585946
1404560634043
1404561603239
1404561671538
1404562637683
1404562680672
1404563606796
1404563677176
1404564634960
1404564692429
1404565595410
1404565663290
1404565673778
1404566600312
1404566678107
1404566688520
1404567727017
1404567774835
1404567785593
1404568771971
1404568834157
1404569791151
1404569839209
1404569849575
1404570725790
1404570788554
1404570799187
1404571823039
1404571865875
1404572771245
1404572819044
1404572829574
1404573712429
1404573783497
1404573794088
1404574755685
1404574808530
1404575797859
1404575850687
1404719298212
1404719339085
1404720079488
1404720129861
1404720902947
1404720943918
1404721745371
1404721793718
1404721804231
1404722542127
1404722577957
1404723342971
1404723399821
1404724189474
1404724235540
1404724246022
1404725021585
1404725062971
1404725074465
1404725862646
1404725949907
1404725961425
1404731423695
1404731485028
1404731495927
1404733819914
1404733873427
1404734668885
1404734717207
1404734727578
1404735566396
1404735606857
1404735618206
1404736342483
1404736404282
1404736414964
1404737203630
1404737244812
1404738005788
1404738051944
1404738062702
1404738843268
1404738899424
1404739693250
1404739734384
1404740508460
1404740549582
1404740560320
1404741360072
1404741401579
1404744077104
1404744173404
1404744183880
1404744960806
1404745022002
1404745033027
1404745826277
1404745867683
1404746667011
1404746707785
1404747523613
1404747575087
1404747585175
1404748396836
1404748438022
1404748448688
1404805202050
1404805243188
1404806040857
1404806122103
1404806821096
1404806856456
1404807647521
1404807719969
1404807730731
1404813643418
1404813666256
1404813666308
1404814268066
1404814290894
1404836890642
1404836918033
1404837520428
1404837547856
1404837547915
1404838153649
1404838181005
1404838181054
1404838786457
1404838813798
1404838813856
1404839419053
1404839446391
1404839446456
1404840052343
1404840079723
1404840079783
1404840684848
1404840712256
1404840712316
1404841319081
1404841346449
1404841346503
1404841954338
1404841981714
1404841981771
1404842590317
1404842617710
1404842617770
1404843230182
1404843257807
1404843848757
1404843876350
1404844475180
1404844502981
1404845094299
1404845121870
1404845714932
1404845742541
1404846334232
1404846361819
1404846952974
1404846980470
1404847574173
1404847601878
1404848194699
1404848222219
1404848826052
1404848853655
1404849447868
1404849481526
1404850081419
1404850115338
1404850749973
1404850783401
1404851398558
1404851432153
1404852062469
1404852096125
1404852726538
1404852760339
1404853366476
1404853400269
1404854015945
1404854064754
1404854671036
1404854704571
1404855309123
1404855342426
1404855944498
1404855986876
1404855997500
1404856664847
1404856699700
1404857327123
1404857362370
1404857987380
1404858032503
1404858043152
1404858715018
1404858750247
1404859441916
1404859476863
1404860146183
1404860181039
1404860847849
1404860882791
1404861510643
1404861545470
1404862186669
1404862229649
1404862240201
1404862867565
1404862918776
1404863655779
1404863691966
1404864368793
1404864419902
1404865104436
1404865140279
1404865825094
1404865861516
1404866544943
1404866581101
1404867328266
1404867372737
1404867383314
1404868067759
1404868104432
1404868806714
1404868843314
1404869501449
1404869553158
1404870228208
1404870266260
1404870276868
1404871048661
1404871086614
1404871862955
1404871901436
1404872701149
1404872738942
1404873480580
1404873519158
1404874265961
1404874324779
1404875129031
1404875166351
1404875917744
1404875965801
1404876784179
1404876830914
1404876841723
1404877677001
1404877720010
1404894695288
1404894722463
1404894722510
1404895322702
1404895350050
1404895350109
1404895954641
1404895981898
1404895981951
1404896581159
1404896608482
1404896608542
1404897210557
1404897237774
1404897237834
1404897834091
1404897861425
1404897861486
1404898468288
1404898495589
1404898495650
1404899101852
1404899129049
1404899739660
1404899766981
1404899767039
1404900373457
1404900400867
1404900400926
1404901013097
1404901040673
1404901650581
1404901678119
1404902273446
1404902301061
1404902890061
1404902917619
1404903511991
1404903539566
1404904149546
1404904176879
1404904771200
1404904798580
1404905393016
1404905420501
1404906015527
1404906043151
1404906638776
1404906666393
1404907259091
1404907292497
1404907890713
1404907924516
1404908525587
1404908559160
1404909158437
1404909191826
1404909810472
1404909843652
1404910456053
1404910489607
1404911088740
1404911137164
1404911750455
1404911783555
1404912384454
1404912417378
1404913031715
1404913064794
1404913682146
1404913716964
1404914367588
1404914417479
1404915082201
1404915125032
1404915135826
1404915753903
1404915788999
1404916443972
1404916479103
1404917124813
1404917159682
1404917799279
1404917834311
1404918476802
1404918526272
1404919174516
1404919209732
1404919844690
1404919879630
1404920535355
1404920571715
1404921233526
1404921269262
1404921969555
1404922020494
1404922723976
1404922759973
1404923483991
1404923520447
1404924184523
1404924220337
1404924907444
1404924944204
1404925659079
1404925711108
1404926412287
1404926448329
1404927155438
1404927201392
1404927212064
1404927913079
1404927950754
1404927961270
1404928752969
1404928804210
1404928814864
1404929611796
1404929654895
1404930464547
1404930502413
1404931240000
1404931297860
1404932046709
1404932089815
1404932864744
1404932902830
1404933701822
1404933745416
1404934507756
1404934545483
1404935386612
1404935438399
1404935449168
1404936211985
1404936239284
1404936239338
1404936848619
1404936875934
1404936875984
1404937479969
1404937507311
1404937507364
1404938111945
1404938139349
1404938139408
1404938742310
1404938769658
1404938769704
1404939374449
1404939401759
1404939401816
1404940004902
1404940032245
1404940032295
1404940646233
1404940673567
1404940673624
1404941278196
1404941305508
1404941305567
1404941910707
1404941938018
1404941938075
1404942546478
1404942574012
1404943182999
1404943210455
1404943804466
1404943831983
1404944428187
1404944455697
1404945047876
1404945075457
1404945667092
1404945694663
1404946286008
1404946313380
1404946904910
1404946932524
1404947523878
1404947551402
1404948144075
1404948171644
1404948764547
1404948797967
1404949397670
1404949431402
1404950036109
1404950069493
1404950668194
1404950701689
1404951308044
1404951341535
1404951945936
1404951979365
1404952591550
1404952624871
1404953229412
1404953262831
1404953872253
1404953905701
1404954504386
1404954538014
1404955156445
1404955200719
1404955836939
1404955871859
1404956488942
1404956529019
1404957170985
1404957220742
1404957884048
1404957918781
1404958568524
1404958603179
1404959241227
1404959276225
1404959895982
1404959930888
1404960551910
1404960586854
1404961223032
1404961257872
1404961896714
1404961931989
1404962613952
1404962665089
1404962675908
1404963357917
1404963393902
1404964119526
1404964160944
1404964852410
1404964903804
1404965596139
1404965637222
1404966325989
1404966376917
1404967107838
1404967144381
1404967839494
1404967883943
1404967894394
1404968580384
1404968639388
1404968650115
1404969317114
1404969364143
1404969375200
1404970166003
1404970208986
1404970955229
1404970994041
1404971760471
1404971806297
1404971816560
1404972581114
1404972618258
1404973379336
1404973430693
1404973441244
1404974181290
1404974218784
1404974977449
1404975015791
1404975799643
1404975858317
1404976629523
1404976674628
1404976685252
1404984955527
1404984982652
1404984982710
1404985585907
1404985613255
1404985613309
1404986213809
1404986240994
1404986241053
1404986838880
1404986866001
1404986866056
1404987470400
1404987497581
1404987497634
1404988103215
1404988130366
1404988130430
1404988729219
1404988756618
1404988756673
1404989370629
1404989397984
1404989398080
1404990010607
1404990037981
1404990038034
1404990644722
1404990672074
1404990672136
1404991278287
1404991305634
1404991898281
1404991925898
1404992523246
1404992550739
1404993143774
1404993171373
1404993772962
1404993800744
1404994392437
1404994419940
1404995011105
1404995038581
1404995645609
1404995673163
1404996266891
1404996294400
