1404307489506
1404307521357
1404308223730
1404308260896
1404308271298
1404308932830
1404308965014
1404308975637
1404309757985
1404309796789
1404311383185
1404311415053
1404312123518
1404312155665
1404312988192
1404313034558
1404313736181
1404313773034
1404315667046
1404315698796
1404315709480
1404316409914
1404316455993
1404317347419
1404317373027
1404317373084
1404372254316
1404372279888
1404372279948
1404372878372
1404372903732
1404372903801
1404374797977
1404374823243
1404374823305
1404375800336
1404375825719
1404376356556
1404376382092
1404377591953
1404377617429
1404378203070
1404378228595
1404380357503
1404380383149
1404380383211
1404380974927
1404381000441
1404381000503
1404381603656
1404381629307
1404381629364
1404382223165
1404382248751
1404382248806
1404382853286
1404382878864
1404383475757
1404383501365
1404383501424
1404384100447
1404384126054
1404384719110
1404384744715
1404384744770
1404385344393
1404385370011
1404385370065
1404385980462
1404386006051
1404386006111
1404386602247
1404386627920
1404386627976
1404387227148
1404387252864
1404387252916
1404387846538
1404387872194
1404387872255
1404388465307
1404388490723
1404388490784
1404389039555
1404389065139
1404389065200
1404389662204
1404389687778
1404389687833
1404390289002
1404390314380
1404390314436
1404390909192
1404390934588
1404390934644
1404391529939
1404391555360
1404391555420
1404392151415
1404392176997
1404392769418
1404392794878
1404393388370
1404393413778
1404394011916
1404394037347
1404394630159
1404394655545
1404395276334
1404395301706
1404395891017
1404395916542
1404396504811
1404396530341
1404397117500
1404397142955
1404397728771
1404397754165
1404398340992
1404398366452
1404398956340
1404398981720
1404399583530
1404399608805
1404400196782
1404400222347
1404400809738
1404400835382
1404401423979
1404401449535
1404402031494
1404402057151
1404402657098
1404402682666
1404403271358
1404403296968
1404403884826
1404403910409
1404404497681
1404404523348
1404405127259
1404405152867
1404405163924
1404405755988
1404405781572
1404406385683
1404406411372
1404407015466
1404407041056
1404407653883
1404407679476
1404408289522
1404408315149
1404408943962
1404408969534
1404409582853
1404409608491
1404410211857
1404410237430
1404410843358
1404410868950
1404411487745
1404411513338
1404411524374
1404412119877
1404412145489
1404412753804
1404412779338
1404413391333
1404413429989
1404414033959
1404414059555
1404414667229
1404414692815
1404415295787
1404415321360
1404415930547
1404415969281
1404416573001
1404416598594
1404417209475
1404417235053
1404417895331
1404417920935
1404417931600
1404418556854
1404418582467
1404418593255
1404419225799
1404419264451
1404419275321
1404419938767
1404419964347
1404419975017
1404420653284
1404420692220
1404420702929
1404421356705
1404421395497
1404422045716
1404422071302
1404422082004
1404422730586
1404422756177
1404422766702
1404423416621
1404423442230
1404423452893
1404424108126
1404424133719
1404424144328
1404424827165
1404424866022
1404424877015
1404425511689
1404425537280
1404426229667
1404426255211
1404426265852
1404426897571
1404426923138
1404426933618
1404427579198
1404427604775
1404427615269
1404428283545
1404428309150
1404428319821
1404428969404
1404428994985
1404429005559
1404429639781
1404429665452
1404429676178
1404430316589
1404430342235
1404431000174
1404431025805
1404431036548
1404431738222
1404431774959
1404431785589
1404432474525
1404432505853
1404433232155
1404433263530
1404433950213
1404433981584
1404434723408
1404434754833
1404435452412
1404435483394
1404436172349
1404436203563
1404436946868
1404436978136
1404437659385
1404437690670
1404438415234
1404438446237
1404439165757
1404439197127
1404439910552
1404439942259
1404440645049
1404440676371
1404441428422
1404441473147
1404442211371
1404442242590
1404442974874
1404443005817
1404443731575
1404443757190
1404444454346
1404444491079
1404445257540
1404445301494
1404445312118
1404446025286
1404446062184
1404446072751
1404446850700
1404446903611
1404447707381
1404447746252
1404448518530
1404448556416
1404449393398
1404449439628
1404449441538
1404450258480
1404450297169
1404451112297
1404451158912
1404451955275
1404451993014
1404452801734
1404452853274
1404452863793
1404453641439
1404453687848
1404454474785
1404454527960
1404455303178
1404455341606
1404456159851
1404456225719
1404456236466
1404457041002
1404457102560
1404457113065
1404457932864
1404457971148
1404458800575
1404458837803
1404487315284
1404487340799
1404487941249
1404487966743
1404487966803
1404488568347
1404488593978
1404489206626
1404489232106
1404489232158
1404489835553
1404489861058
1404489861113
1404490465849
1404490491433
1404490491495
1404491094777
1404491120403
1404491120453
1404491723218
1404491748733
1404492345273
1404492370816
1404492370876
1404492972919
1404492998467
1404492998523
1404493600186
1404493625757
1404493625811
1404494240000
1404494265553
1404494265615
1404494866759
1404494892389
1404494892448
1404495496453
1404495522016
1404496119697
1404496145232
1404496145292
1404496743817
1404496769356
1404496769416
1404497367480
1404497393003
1404497393058
1404497999821
1404498025399
1404498025455
1404498624556
1404498650132
1404499254147
1404499279660
1404499879019
1404499904613
1404500497546
1404500523076
1404501114943
1404501140452
1404501733003
1404501758543
1404502354974
1404502380491
1404502977979
1404503003501
1404503599528
1404503625052
1404504216679
1404504242220
1404504839210
1404504864789
1404505455588
1404505481144
1404506074140
1404506099651
1404506696440
1404506721984
1404507317156
1404507342665
1404507935304
1404507960884
1404508553900
1404508579432
1404509172326
1404509197857
1404509797029
1404509822579
1404510418846
1404510444360
1404511041219
1404511066769
1404511659220
1404511684750
1404512308674
1404512334237
1404512965207
1404512990745
1404513628866
1404513654366
1404513665405
1404514288816
1404514314385
1404514949454
1404514975029
1404515602271
1404515627879
1404516257468
1404516282999
1404516294041
1404516919335
1404516944901
1404516955927
1404517591401
1404517616916
1404518261232
1404518286724
1404518897325
1404518922853
1404519539232
1404519564802
1404520190422
1404520215994
1404520849047
1404520874533
1404521491681
1404521530206
1404522175144
1404522200641
1404522812923
1404522838453
1404523460288
1404523485809
1404524101407
1404524126961
1404524138021
1404524758792
1404524784348
1404525501287
1404525526861
1404526208442
1404526247075
1404526257852
1404526967828
1404526993320
1404527003951
1404527680896
1404527706412
1404527717188
1404528378481
1404528403979
1404528414720
1404529105298
1404529143904
1404529154823
1404529847600
1404529873166
1404529884045
1404530558465
1404530584033
1404531285574
1404531324164
1404532028159
1404532053779
1404532064781
1404532731720
1404532757231
1404532768006
1404533469103
1404533494631
1404533505596
1404534165401
1404534190902
1404534873472
1404534899118
1404534910065
1404535631587
1404535657154
1404535667803
1404536339252
1404536364764
1404536375301
1404537121769
1404537147336
1404537158128
1404537815701
1404537841288
1404537851746
1404538549558
1404538575086
1404538585709
1404539302212
1404539327759
1404539338372
1404540082973
1404540119229
1404540949112
1404540974691
1404541826369
1404541857283
1404542694502
1404542737769
1404543611224
1404543665247
1404543675732
1404544489288
1404544543092
1404544553708
1404545275120
1404545321669
1404546087247
1404546145803
1404546156402
1404546944799
1404546996521
1404547784409
1404547820159
1404547830846
1404548625364
1404548661169
1404548672096
1404549395124
1404549425768
1404550247734
1404550334895
1404550345527
1404551149260
1404551185510
1404551957780
1404551988745
1404552722109
1404552778719
1404552789081
1404553620245
1404553662101
1404553672762
1404554401208
1404554457428
1404554467876
1404555313658
1404555370010
1404555380554
1404556151456
1404556187466
1404557080907
1404557139499
1404558080485
1404558123491
1404559123742
1404559175944
1404559186427
1404560095467
1404560138334
1404561093987
1404561157856
1404562109405
1404562166904
1404563114932
1404563152918
1404564112337
1404564169951
1404565091738
1404565134595
1404565145389
1404566035346
1404566091699
1404567115190
1404567187700
1404567198140
1404568186449
1404568261896
1404568272555
1404569294395
1404569337443
1404570257615
1404570313476
1404570323993
1404571292154
1404571347563
1404571358267
1404572268888
1404572311903
1404573251190
1404573294241
1404574142842
1404574186269
1404575242609
1404575330736
1404576264858
1404576340028
1404576350715
1404719675431
1404719721335
1404720496278
1404720543880
1404720555130
1404721302864
1404721353772
1404721364396
1404722153932
1404722190297
1404722949816
1404722975181
1404723803457
1404723852007
1404723862613
1404724586981
1404724623011
1404725439504
1404725495503
1404725506456
1404726372338
1404726408431
1404731885048
1404731937436
1404731948218
1404734258903
1404734294860
1404735121658
1404735167624
1404735957385
1404735982866
1404736782603
1404736818432
1404736829147
1404737608223
1404737644407
1404738425706
1404738456451
1404739261280
1404739307218
1404740105410
1404740141438
1404740151914
1404740913679
1404740955403
1404740965843
1404741773572
1404741825129
1404744538800
1404744569781
1404745416547
1404745462509
1404746252171
1404746288387
1404747106258
1404747141893
1404747152418
1404747975875
1404748006838
1404805635356
1404805686798
1404806445388
1404806481756
1404807247604
1404807288414
1404808116356
1404808152618
1404813925734
1404813951218
1404837175302
1404837202628
1404837202687
1404837805352
1404837832709
1404837832779
1404838439003
1404838466366
1404838466420
1404839071870
1404839099225
1404839099286
1404839704463
1404839731809
1404839731870
1404840337547
1404840364908
1404840364963
1404840969903
1404840997267
1404840997326
1404841605609
1404841632996
1404841633051
1404842240976
1404842268348
1404842268404
1404842876980
1404842904358
1404842904415
1404843507289
1404843534899
1404844128933
1404844156493
1404844752805
1404844780276
1404845371776
1404845399413
1404845992885
1404846020437
1404846611409
1404846638903
1404847231007
1404847258548
1404847853620
1404847881018
1404848484853
1404848512491
1404849103558
1404849131235
1404849737615
1404849765973
1404850388998
1404850417430
1404851034053
1404851062986
1404851706430
1404851735246
1404852383939
1404852412247
1404853021110
1404853049346
1404853673135
1404853701675
1404854327599
1404854355975
1404854965818
1404854994257
1404855598680
1404855627367
1404856294019
1404856324209
1404856968938
1404856999262
1404857641684
1404857671691
1404858344880
1404858385551
1404858396391
1404859045944
1404859076079
1404859759970
1404859798733
1404859809758
1404860489717
1404860519386
1404861164647
1404861194311
1404861829103
1404861859168
1404862505504
1404862535229
1404863260658
1404863312166
1404864009814
1404864045622
1404864737861
1404864774565
1404865446642
1404865483154
1404866170331
1404866221851
1404866931083
1404866967516
1404867663143
1404867707666
1404867718388
1404868438458
1404868474661
1404869148266
1404869184048
1404869839718
1404869890494
1404870609510
1404870654605
1404870665062
1404871431298
1404871469265
1404871479650
1404872298563
1404872341264
1404873074092
1404873111851
1404873857633
1404873911992
1404873922475
1404874713561
1404874766721
1404875486019
1404875529222
1404876338355
1404876381584
1404877197748
1404877240993
1404878082821
1404878134771
1404878145312
1404894977879
1404895005061
1404895005113
1404895605872
1404895633238
1404895633293
1404896234716
1404896262087
1404896262140
1404896865205
1404896892308
1404896892359
1404897491096
1404897518341
1404897518410
1404898120034
1404898147455
1404898147508
1404898753482
1404898780888
1404898780941
1404899389202
1404899416433
1404899416494
1404900024256
1404900051600
1404900051658
1404900660236
1404900687580
1404900687631
1404901308089
1404901336062
1404901928381
1404901956038
1404902549758
1404902577264
1404903170834
1404903198315
1404903793333
1404903820726
1404904427410
1404904454761
1404905049925
1404905077328
1404905671098
1404905698986
1404906294763
1404906322307
1404906916946
1404906944405
1404907548110
1404907576697
1404908179805
1404908208204
1404908814836
1404908843443
1404909463709
1404909492007
1404910095186
1404910123573
1404910745923
1404910774393
1404911404474
1404911432991
1404912039170
1404912067379
1404912688485
1404912716649
1404913332414
1404913360921
1404914004183
1404914033712
1404914722289
1404914751330
1404915406676
1404915436468
1404916059498
1404916097633
1404916108669
1404916767194
1404916797081
1404917437222
1404917466835
1404918131139
1404918160512
1404918828854
1404918858171
1404919497636
1404919527328
1404920181742
1404920211407
1404920872922
1404920909474
1404921586870
1404921622834
1404922321934
1404922366179
1404922376439
1404923088559
1404923140256
1404923808431
1404923844749
1404924519047
1404924555087
1404925259620
1404925295658
1404926025897
1404926061866
1404926753212
1404926789337
1404927523385
1404927569577
1404928321334
1404928360179
1404928370781
1404929159392
1404929212512
1404930022849
1404930076604
1404930847584
1404930884941
1404931628634
1404931666494
1404932432695
1404932485568
1404933230692
1404933291810
1404933302566
1404934051491
1404934109904
1404934932699
1404934991457
1404935784202
1404935821928
1404936501087
1404936528426
1404936528486
1404937134043
1404937161386
1404937161440
1404937765292
1404937792614
1404937792674
1404938395864
1404938423189
1404938423250
1404939027619
1404939054969
1404939055024
1404939659368
1404939686795
1404939686850
1404940290050
1404940317393
1404940317450
1404940931765
1404940959158
1404940959208
1404941563429
1404941590812
1404941590868
1404942195411
1404942222731
1404942222786
1404942837534
1404942865274
1404943460805
1404943488447
1404944082913
1404944110375
1404944705994
1404944733481
1404945325371
1404945352906
1404945944515
1404945972072
1404946563166
1404946590711
1404947182509
1404947210050
1404947802055
1404947829585
1404948421742
1404948449238
1404949054234
1404949082853
1404949687681
1404949716192
1404950324776
1404950353620
1404950964795
1404950993174
1404951602947
1404951631195
1404952235382
1404952263945
1404952886371
1404952914892
1404953524425
1404953553099
1404954161492
1404954190174
1404954797475
1404954826146
1404955476466
1404955506175
1404956142799
1404956172535
1404956817859
1404956847570
1404957508212
1404957538020
1404958196081
1404958226351
1404958888155
1404958917712
1404959545098
1404959575502
1404960206432
1404960236097
1404960877509
1404960907348
1404961532141
1404961570532
1404961581420
1404962249433
1404962285511
1404962991814
1404963027789
1404963721862
1404963772950
1404964485600
1404964521811
1404965236303
1404965272604
1404965924542
1404965960585
1404966678540
1404966715238
1404967443119
1404967479474
1404968190159
1404968226699
1404968937298
1404968973680
1404969753757
1404969791738
1404970534506
1404970579806
1404970590445
1404971319863
1404971357661
1404972150564
1404972208066
1404972952255
1404972995337
1404973784256
1404973832134
1404973842703
1404974551579
1404974609526
1404975368433
1404975411555
1404976169100
1404976215953
1404976226809
1404977014930
1404977052631
1404985237384
1404985264539
1404985264648
1404985872522
1404985899723
1404985899785
1404986494454
1404986521642
1404986521710
1404987123479
1404987150777
1404987150833
1404987755058
1404987782399
1404987782448
1404988383650
1404988410902
1404988410964
1404989020580
1404989047948
1404989048000
1404989657188
1404989684553
1404989684609
1404990295403
1404990322753
1404990322806
1404990930037
1404990957365
1404990957425
1404991554792
1404991582168
1404992179747
1404992207230
1404992800621
1404992828200
1404993431155
1404993458851
1404994050704
1404994078188
1404994669615
1404994697229
1404995306198
1404995333889
1404995923247
1404995950846
