1404306482934
1404307200415
1404307919336
1404308635963
1404309422945
1404311063659
1404311817187
1404312705411
1404313413802
1404315358983
1404316094739
1404316857686
1404317110718
1404317739082
1404372643834
1404374106895
1404375569559
1404376127746
1404377083942
1404377971201
1404380118120
1404380743251
1404381362253
1404381988645
1404382610401
1404383239529
1404383864818
1404384484946
1404385110308
1404385742169
1404386370373
1404386988625
1404387614908
1404388231872
1404388804061
1404389427394
1404390052822
1404390675116
1404391296720
1404391916636
1404392539999
1404393156145
1404393779447
1404394398165
1404395044503
1404395661840
1404396276833
1404396889593
1404397500757
1404398112709
1404398726362
1404399348054
1404399968805
1404400581726
1404401196247
1404401803931
1404402416709
1404403042223
1404403656973
1404404270235
1404404890031
1404405518738
1404406147991
1404406777973
1404407418887
1404408046417
1404408706010
1404409348563
1404409974273
1404410611456
1404411251776
1404411879372
1404412516286
1404413149257
1404413796808
1404414428342
1404415058908
1404415687989
1404416335747
1404416965472
1404417616419
1404418289841
1404418963831
1404419662012
1404420357425
1404421080255
1404421765472
1404422467835
1404423140253
1404423825950
1404424552496
1404425250087
1404425938664
1404426636725
1404427309484
1404428007653
1404428682879
1404429363397
1404430034449
1404430733771
1404431423593
1404432173332
1404432907022
1404433658269
1404434381401
1404435150460
1404435874113
1404436648076
1404437381565
1404438102194
1404438860008
1404439611717
1404440327019
1404441114621
1404441882753
1404442657414
1404443420933
1404444143208
1404444893289
1404445699782
1404446470041
1404447349505
1404448186294
1404449023127
1404449925396
1404450771002
1404451640297
1404452489622
1404453309802
1404454156532
1404454971648
1404455812821
1404456696986
1404457594942
1404458472044
1404459297951
1404487078573
1404487701577
1404488331225
1404488960498
1404489602090
1404490228321
1404490856078
1404491485992
1404492108405
1404492733855
1404493363302
1404493997337
1404494630317
1404495259330
1404495884564
1404496508533
1404497134304
1404497761519
1404498388927
1404499015118
1404499649287
1404500267492
1404500884862
1404501502903
1404502124967
1404502742779
1404503369375
1404503986820
1404504608978
1404505225597
1404505844058
1404506462557
1404507087494
1404507705212
1404508323653
1404508942801
1404509566970
1404510185033
1404510811256
1404511429199
1404512066726
1404512708920
1404513382346
1404514046689
1404514710835
1404515360250
1404516018594
1404516669368
1404517349575
1404518005317
1404518663963
1404519300389
1404519951750
1404520604634
1404521252937
1404521932006
1404522574449
1404523221287
1404523861708
1404524516469
1404525190074
1404525922439
1404526666116
1404527398412
1404528096266
1404528803986
1404529548156
1404530272246
1404530987580
1404531710149
1404532448518
1404533175543
1404533876146
1404534583755
1404535306285
1404536067479
1404536793369
1404537548993
1404538255710
1404538984363
1404539746402
1404540564719
1404541439438
1404542343769
1404543186257
1404544081673
1404544951003
1404545748716
1404546568421
1404547432120
1404548285827
1404549075124
1404549872509
1404550816206
1404551615459
1404552411969
1404553250497
1404554075013
1404554920382
1404555817247
1404556642239
1404557688453
1404558695879
1404559712815
1404560657576
1404561695098
1404562704117
1404563700773
1404564715967
1404565685098
1404566700113
1404567796427
1404568857598
1404569860886
1404570810339
1404571889461
1404572840672
1404573805322
1404574831929
1404575873975
1404719361605
1404720154069
1404720966810
1404721815558
1404722600618
1404723435822
1404724257497
1404725085634
1404725973303
1404731511694
1404733896723
1404734739248
1404735629237
1404736426115
1404737268438
1404738073869
1404738922713
1404739757195
1404740571773
1404741423923
1404744195417
1404745043913
1404745891051
1404746731148
1404747596884
1404748460222
1404805265517
1404806144945
1404806879201
1404807741790
1404813689873
1404814314206
1404836935926
1404837566996
1404838200118
1404838833025
1404839465394
1404840098857
1404840731196
1404841365717
1404842001011
1404842636944
1404843275426
1404843894068
1404844520644
1404845139585
1404845760328
1404846379588
1404846998231
1404847619444
1404848240078
1404848871442
1404849499246
1404850133142
1404850800891
1404851449960
1404852113867
1404852778160
1404853417936
1404854082410
1404854722150
1404855360204
1404856008451
1404856717436
1404857380061
1404858056082
1404858767840
1404859494531
1404860198637
1404860900521
1404861563059
1404862251389
1404862936486
1404863709797
1404864437308
1404865161934
1404865879082
1404866598628
1404867394276
1404868122713
1404868860895
1404869570879
1404870288003
1404871104015
1404871918995
1404872756717
1404873536684
1404874342446
1404875184062
1404875983336
1404876852518
1404877737668
1404894741148
1404895368086
1404895999839
1404896628466
1404897256079
1404897880416
1404898514820
1404899148117
1404899785743
1404900420215
1404901058279
1404901695933
1404902318579
1404902935240
1404903561877
1404904195035
1404904816562
1404905438357
1404906062380
1404906684331
1404907310210
1404907942227
1404908576854
1404909209511
1404909862196
1404910507797
1404911154744
1404911801763
1404912435304
1404913082643
1404913734798
1404914435112
1404915146733
1404915806678
1404916497003
1404917177923
1404917851961
1404918543843
1404919227468
1404919897788
1404920589060
1404921287033
1404922038215
1404922777678
1404923538118
1404924238089
1404924966589
1404925728554
1404926466807
1404927223268
1404927972424
1404928825959
1404929672483
1404930520010
1404931315388
1404932107552
1404932920246
1404933763173
1404934563946
1404935460292
1404936258228
1404936895096
1404937526383
1404938158339
1404938788975
1404939420860
1404940051143
1404940692515
1404941324689
1404941956890
1404942591755
1404943228272
1404943849888
1404944473604
1404945093047
1404945712305
1404946331261
1404946950341
1404947570031
1404948189479
1404948815653
1404949449217
1404950087126
1404950719455
1404951359200
1404951996948
1404952642519
1404953280600
1404953923392
1404954555406
1404955218427
1404955889606
1404956547997
1404957238340
1404957936565
1404958620679
1404959293787
1404959948588
1404960604574
1404961275560
1404961949658
1404962687116
1404963412575
1404964178580
1404964921373
1404965655017
1404966394540
1404967161957
1404967905854
1404968661283
1404969385900
1404970226489
1404971011602
1404971828152
1404972636014
1404973452512
1404974236678
1404975033447
1404975875982
1404976696567
1404985001225
1404985632689
1404986259486
1404986884901
1404987516026
1404988148123
1404988775810
1404989417284
1404990057156
1404990691242
1404991323438
1404991943683
1404992568066
1404993194330
1404993818426
1404994437730
1404995056367
1404995690852
1404996316205
