1404307071875
1404307795280
1404308513010
1404309273395
1404310917954
1404311687067
1404312581101
1404313290125
1404314044613
1404315966744
1404316716274
1404317628102
1404372536087
1404373996025
1404376977082
1404377865032
1404378478548
1404380635823
1404381254120
1404381881987
1404382503762
1404383131187
1404383756168
1404384378437
1404385001627
1404385626812
1404386262120
1404386884259
1404387508551
1404388122459
1404388696522
1404389319071
1404389942047
1404390566864
1404391188113
1404391809207
1404392427697
1404393041957
1404393665067
1404394284508
1404394930748
1404395549276
1404396163927
1404396776699
1404397389792
1404398000219
1404398613075
1404399234827
1404399855430
1404400468219
1404401081305
1404401695572
1404402302899
1404402928740
1404403542875
1404404156693
1404404769444
1404405398733
1404406027615
1404406657426
1404407287122
1404407925371
1404408574355
1404409228744
1404409854419
1404410491499
1404411115314
1404411759080
1404412395856
1404413025406
1404413676222
1404414305400
1404414938940
1404415567233
1404416215230
1404416845320
1404417495804
1404418167100
1404418841612
1404419528075
1404420223472
1404420953402
1404421641588
1404422332290
1404423002361
1404423704797
1404424397476
1404425112250
1404425800876
1404426514450
1404427188050
1404427850927
1404428555296
1404429241090
1404429911611
1404430610802
1404431272005
1404432043840
1404432769737
1404433532399
1404434256035
1404435013438
1404435747789
1404436488911
1404437236175
1404437963182
1404438734213
1404439469731
1404440201711
1404440960520
1404441742461
1404442513568
1404443292387
1404444017182
1404444758711
1404445568349
1404446318219
1404447214197
1404448044090
1404448869153
1404449770713
1404450594264
1404451498234
1404452330795
1404453165683
1404453994848
1404454822806
1404455648423
1404456550505
1404457427183
1404458321911
1404459164435
1404487592620
1404488221947
1404488849637
1404489492002
1404490120620
1404490746800
1404491377250
1404492000602
1404492624766
1404493253843
1404493886712
1404494520807
1404495145359
1404495773709
1404496400942
1404497025072
1404497650027
1404498283048
1404498905680
1404499533393
1404500153102
1404500770911
1404501388532
1404502006897
1404502628626
1404503256664
1404503873378
1404504490801
1404505113159
1404505729934
1404506348170
1404506973473
1404507590954
1404508209170
1404508828075
1404509448664
1404510070900
1404510692646
1404511315177
1404511933226
1404512582740
1404513239162
1404513902627
1404514570958
1404515236372
1404515891181
1404516531517
1404517223806
1404517880262
1404518534997
1404519171256
1404519825995
1404520468238
1404521123049
1404521791168
1404522449068
1404523086720
1404523734504
1404524392504
1404525032822
1404525791961
1404526494780
1404527241398
1404527954954
1404528652164
1404529395782
1404530134502
1404530834036
1404531572108
1404532315261
1404533020873
1404533742871
1404534445886
1404535162608
1404535905704
1404536641245
1404537395606
1404538102788
1404538836380
1404539589038
1404540400352
1404541257614
1404542153005
1404543006731
1404543918950
1404544805461
1404545602064
1404546414391
1404547266104
1404548088073
1404548928800
1404549683546
1404550636318
1404551464163
1404552250582
1404553094032
1404553924691
1404554730908
1404555650552
1404556452297
1404557504944
1404558535274
1404559557153
1404560495964
1404561507805
1404562555317
1404563521429
1404564519452
1404565498034
1404566478902
1404567626882
1404568668929
1404569676983
1404570631784
1404571699400
1404572658671
1404573627594
1404574574314
1404575689615
1404576802789
1404719996560
1404720820217
1404721648874
1404722457533
1404723254168
1404724109683
1404724921107
1404725781290
1404731337036
1404732230496
1404734556876
1404735452463
1404736262386
1404737094229
1404737910095
1404738745939
1404739571912
1404740418935
1404741284239
1404742108061
1404744868490
1404745742030
1404746587659
1404747421574
1404748281430
1404805958314
1404806739848
1404807557148
1404814203832
1404837457465
1404838089185
1404838722132
1404839354628
1404839987682
1404840620516
1404841254067
1404841889450
1404842525239
1404843161119
1404843781757
1404844408213
1404845027322
1404845647790
1404846267337
1404846886095
1404847507406
1404848127715
1404848759199
1404849379757
1404850013921
1404850682747
1404851318790
1404851995118
1404852659660
1404853297530
1404853948457
1404854603419
1404855241256
1404855876041
1404856597313
1404857247882
1404857919990
1404858637566
1404859362412
1404860063247
1404860780275
1404861442687
1404862107283
1404862783458
1404863588627
1404864301085
1404865037035
1404865756830
1404866477543
1404867246229
1404867985468
1404868738973
1404869434584
1404870147035
1404870980574
1404871786314
1404872628811
1404873406661
1404874197859
1404875050211
1404875844699
1404876715851
1404877591347
1404878466038
1404895258686
1404895889616
1404896516743
1404897146766
1404897770414
1404898403810
1404899038614
1404899675126
1404900308456
1404900944468
1404901583128
1404902206562
1404902823269
1404903444930
1404904081023
1404904703833
1404905325678
1404905948655
1404906571592
1404907191071
1404907823496
1404908457936
1404909090614
1404909740737
1404910372910
1404911021617
1404911682967
1404912316642
1404912964507
1404913612608
1404914296613
1404915015583
1404915685963
1404916361736
1404917057623
1404917715243
1404918409974
1404919107691
1404919776551
1404920464489
1404921165336
1404921901327
1404922635898
1404923416288
1404924117071
1404924822386
1404925555895
1404926332147
1404927059699
1404927839196
1404928662729
1404929526008
1404930376091
1404931171656
1404931966552
1404932791286
1404933617447
1404934439906
1404935299267
1404936153149
1404936784191
1404937415856
1404938047393
1404938678215
1404939310189
1404939942198
1404940581475
1404941214354
1404941846344
1404942478022
1404943116212
1404943737427
1404944361352
1404944980754
1404945599951
1404946218918
1404946837789
1404947456717
1404948076872
1404948696312
1404949330563
1404949968396
1404950601361
1404951240605
1404951878707
1404952524025
1404953161735
1404953804199
1404954437311
1404955072763
1404955754488
1404956421114
1404957101419
1404957800971
1404958488562
1404959171934
1404959827817
1404960484825
1404961155401
1404961822694
1404962546550
1404963290654
1404964047100
1404964783763
1404965528174
1404966228606
1404967014794
1404967751927
1404968512519
1404969242582
1404970093364
1404970866787
1404971675142
1404972512886
1404973310010
1404974112863
1404974908896
1404975716206
1404976540141
1404977341951
1404985519696
1404986151582
1404986774262
1404987407587
1404988039053
1404988664443
1404989304108
1404989945615
1404990579568
1404991215314
1404991831130
1404992454058
1404993076325
1404993705890
1404994325039
1404994943949
1404995580737
1404996199765
