1404306520209
1404307257164
1404307970552
1404308672087
1404309464602
1404311114661
1404311867953
1404312746540
1404313469853
1404315415056
1404316136611
1404316909731
1404317139179
1404317767461
1404372672268
1404374135102
1404375597763
1404376156044
1404377999429
1404380146498
1404380771468
1404381390643
1404382017033
1404382638776
1404383267918
1404383893188
1404384513346
1404385138740
1404385770557
1404386398739
1404387017017
1404387643338
1404388260107
1404388832334
1404389455766
1404390081077
1404390703411
1404391325147
1404391944998
1404392568221
1404393184507
1404393807767
1404394426353
1404395072946
1404395689999
1404396305097
1404396917909
1404397528934
1404398140984
1404398754627
1404399376158
1404399997184
1404400610087
1404401224630
1404401832311
1404402445074
1404403070672
1404403685411
1404404298612
1404404918405
1404405552736
1404406181548
1404406811727
1404407452660
1404408074780
1404408740171
1404409376940
1404410008030
1404410639910
1404411285479
1404411913372
1404412550051
1404413182835
1404413830544
1404414461839
1404415087343
1404415721806
1404416369502
1404416999052
1404417651383
1404418324175
1404418998688
1404419697240
1404420407559
1404421115051
1404421800343
1404422503115
1404423175168
1404423866122
1404424587155
1404425284749
1404425988777
1404426671357
1404427344435
1404428042862
1404428717779
1404429398068
1404430069316
1404430768709
1404431480203
1404432209539
1404432978311
1404433708942
1404434437931
1404435202351
1404435916042
1404436684619
1404437417192
1404438159080
1404438896667
1404439653479
1404440363369
1404441156393
1404441924907
1404442698954
1404443476991
1404444194615
1404444944644
1404445736539
1404446513446
1404447393418
1404448239474
1404449066000
1404449978301
1404450808679
1404451693790
1404452527676
1404453358467
1404454199970
1404455014668
1404455871417
1404456739566
1404457638645
1404458524792
1404487106929
1404487729969
1404488359634
1404488988772
1404489630399
1404490256712
1404490884363
1404491514382
1404492136794
1404492762195
1404493391531
1404494025635
1404494658638
1404495287656
1404495912895
1404496536878
1404497162615
1404497789802
1404498417240
1404499043427
1404499677615
1404500295848
1404500913182
1404501531217
1404502153317
1404502771106
1404503397781
1404504015092
1404504637358
1404505253961
1404505872407
1404506490902
1404507115766
1404507733610
1404508352007
1404508971062
1404509595325
1404510213345
1404510839607
1404511457464
1404512105399
1404512742638
1404513410678
1404514085401
1404514744262
1404515398766
1404516052136
1404516718053
1404517388367
1404518054295
1404518692311
1404519334032
1404519985245
1404520643495
1404521286410
1404521965575
1404522607966
1404523254931
1404523895158
1404524555175
1404525235474
1404525962389
1404526711258
1404527443233
1404528135753
1404528873599
1404529592829
1404530311873
1404531035883
1404531759577
1404532493191
1404533215442
1404533920801
1404534638769
1404535361208
1404536107332
1404536868118
1404537589070
1404538296041
1404539024330
1404539802443
1404540631445
1404541500675
1404542410039
1404543247886
1404544147718
1404545007854
1404545795906
1404546614263
1404547493616
1404548352619
1404549116292
1404549919214
1404550862918
1404551681768
1404552458950
1404553296655
1404554116106
1404554967199
1404555877826
1404556690244
1404557756173
1404558778466
1404559765905
1404560745885
1404561752631
1404562787158
1404563778006
1404564764618
1404565732323
1404566767598
1404567844473
1404568940730
1404569913835
1404570908400
1404571943057
1404572908452
1404573852602
1404574885250
1404575938154
1404719407386
1404720225454
1404721007858
1404721876652
1404722646893
1404723482359
1404724303352
1404725131376
1404726064422
1404731573207
1404733943060
1404734786115
1404735675832
1404736473335
1404737309316
1404738114733
1404738968687
1404739802832
1404740613106
1404741469574
1404744246613
1404745099643
1404745937269
1404746812608
1404747657811
1404748506413
1404805330878
1404806185968
1404806925038
1404807788450
1404813718239
1404814342580
1404836968360
1404837599388
1404838232503
1404838865420
1404839497840
1404840131221
1404840763611
1404841398109
1404842033443
1404842669359
1404843308035
1404843926693
1404844553180
1404845172292
1404845793036
1404846412164
1404847030927
1404847652106
1404848272779
1404848904115
1404849537800
1404850171783
1404850834203
1404851488454
1404852152453
1404852816583
1404853456601
1404854125795
1404854760630
1404855398778
1404856048540
1404856757023
1404857420196
1404858095916
1404858807604
1404859534468
1404860253680
1404860940342
1404861602954
1404862291232
1404862993207
1404863750683
1404864488361
1404865203515
1404865919934
1404866639875
1404867434988
1404868163844
1404868908223
1404869612521
1404870336385
1404871167001
1404871991922
1404872800087
1404873599682
1404874385413
1404875227842
1404876051542
1404876911107
1404877791485
1404894773481
1404895400355
1404896031907
1404896660861
1404897288295
1404897912799
1404898547280
1404899180378
1404899818083
1404900452615
1404901091048
1404901728415
1404902351142
1404902967817
1404903594446
1404904227304
1404904849027
1404905470706
1404906094819
1404906716766
1404907348770
1404907975921
1404908615501
1404909263376
1404909895134
1404910546308
1404911193287
1404911840144
1404912473598
1404913121143
1404913784805
1404914489977
1404915186472
1404915846577
1404916536707
1404917217938
1404917891343
1404918583832
1404919267621
1404919962820
1404920629974
1404921333803
1404922079758
1404922818718
1404923580049
1404924289434
1404925017783
1404925770847
1404926508755
1404927265174
1404928014655
1404928883390
1404929730474
1404930562570
1404931373371
1404932160449
1404932978059
1404933811512
1404934631835
1404935518409
1404936290636
1404936927479
1404937558712
1404938190693
1404938821336
1404939453249
1404940083492
1404940724943
1404941357080
1404941989309
1404942635066
1404943260832
1404943882442
1404944506171
1404945125611
1404945744938
1404946363984
1404946982948
1404947602730
1404948222007
1404948854190
1404949487689
1404950120441
1404950757761
1404951397789
1404952035769
1404952676161
1404953319424
1404953961978
1404954594271
1404955258386
1404955929307
1404956587578
1404957288256
1404957976794
1404958670503
1404959333275
1404959988667
1404960644496
1404961315251
1404961991238
1404962728207
1404963459275
1404964219277
1404964983036
1404965696573
1404966436018
1404967203174
1404967947075
1404968708033
1404969449578
1404970274537
1404971059812
1404971886649
1404972683859
1404973500066
1404974309994
1404975091638
1404975923643
1404976739191
1404985033630
1404985665063
1404986291820
1404986917226
1404987548410
1404988180373
1404988808198
1404989449675
1404990089579
1404990723704
1404991356039
1404991976231
1404992600520
1404993226956
1404993850931
1404994470428
1404995088989
1404995723441
1404996348881
