1404309021839
1404375983181
1404378592464
1404459500509
1404460792511
1404461003548
1404462365317
1404462764166
1404464103198
1404464850975
1404465750412
1404466236523
1404466904399
1404467620570
1404468229514
1404468342299
1404468602104
1404468803013
1404468907130
1404469255953
1404472071765
1404472741598
1404473576206
1404473767749
1404474147859
1404474549264
1404475936752
1404476048428
1404476483758
1404476558534
1404477002970
1404477972900
1404478498639
1404479215635
1404479516834
1404480443917
1404480920769
1404481251506
1404481415004
1404481643840
1404481938310
1404482466061
1404482841445
1404483104785
1404483574541
1404483760994
1404484734685
1404484906638
1404486150685
1404486660463
1404486757956
1404808607794
1404809395419
1404809928589
1404810119254
1404811357720
1404811848455
1404812129364
1404814550876
1404814661388
1404814807637
1404817216912
1404817736538
1404818119029
1404818551071
1404819257982
1404822969615
1404823985757
1404824232280
1404824650672
1404825261057
1404825543897
1404825659069
1404826337164
1404826475076
1404827804024
1404828082657
1404828345498
1404829238396
1404829499827
1404830006017
1404830888533
1404831458884
1404833816246
1404834308827
1404834868143
1404835722819
1404981253731
1404981695331
1404982034969
1404982201457
1404982389782
1404983512835
1404983654618
1404983902187
1404984299825
1404984399701
1404984636083
1404984831825
1404997722323
1405007657717
1405007773810
1405007843333
1405064662592
1405066117230
1405066921966
1405067359936
1405068376023
1405068866119
1405069527157
1405069812949
1405070391978
1405070603649
1405070710669
1405070857869
1405071232028
1405071586890
1405072380708
1405072519947
1405072733518
1405073516763
1405073772145
1405074305966
1405075464291
1405077412093
