1404306466816
1404307184348
1404307902116
1404308618775
1404309405116
1404311045975
1404311799426
1404312688552
1404313396979
1404315345631
1404316078823
1404316836814
1404317092327
1404317720636
1404372627225
1404374089358
1404375551799
1404376110232
1404377066441
1404377954687
1404380100604
1404380725550
1404381343920
1404381972371
1404382594066
1404383221199
1404383846382
1404384466602
1404385091765
1404385723943
1404386352008
1404386972272
1404387596512
1404388214018
1404388786474
1404389408979
1404390034305
1404390657563
1404391278588
1404391898410
1404392522758
1404393137813
1404393761320
1404394380478
1404395026399
1404395643995
1404396259026
1404396871481
1404397483695
1404398094906
1404398708528
1404399330231
1404399950551
1404400563364
1404401176783
1404401785573
1404402398291
1404403023942
1404403638515
1404404251961
1404404871593
1404405500399
1404406129882
1404406759438
1404407400849
1404408027323
1404408691519
1404409330323
1404409956100
1404410593159
1404411228594
1404411860958
1404412497754
1404413130827
1404413778292
1404414407134
1404415040506
1404415669546
1404416317506
1404416947160
1404417598174
1404418271574
1404418945512
1404419643715
1404420339152
1404421061711
1404421746920
1404422451660
1404423121991
1404423807599
1404424535854
1404425231694
1404425920534
1404426618351
1404427291189
1404427987991
1404428664634
1404429345336
1404430016158
1404430715530
1404431409061
1404432155165
1404432888912
1404433639727
1404434363050
1404435135806
1404435855755
1404436631616
1404437365270
1404438083799
1404438841583
1404439595133
1404440308560
1404441097942
1404441864453
1404442641148
1404443402699
1404444124888
1404444877054
1404445681630
1404446451606
1404447331015
1404448168079
1404449002498
1404449910745
1404450754341
1404451622108
1404452475361
1404453291624
1404454138048
1404454953439
1404455794650
1404456682343
1404457578311
1404458453759
1404459280656
1404487060360
1404487683183
1404488312765
1404488942054
1404489583802
1404490211504
1404490837431
1404491467556
1404492091490
1404492715261
1404493344794
1404493978955
1404494611739
1404495241119
1404495866123
1404496489899
1404497115838
1404497744690
1404498372024
1404498996650
1404499630815
1404500249021
1404500866176
1404501484414
1404502106546
1404502724330
1404503350765
1404503968664
1404504586646
1404505207203
1404505825743
1404506443953
1404507069020
1404507686551
1404508305063
1404508924212
1404509548521
1404510166543
1404510788577
1404511410915
1404512049926
1404512690291
1404513364040
1404514029765
1404514692662
1404515341837
1404516001698
1404516653308
1404517331030
1404517988582
1404518647121
1404519283475
1404519933254
1404520586267
1404521234446
1404521913434
1404522556078
1404523204515
1404523844869
1404524498174
1404525171681
1404525904281
1404526647589
1404527380026
1404528079459
1404528785522
1404529531214
1404530254014
1404530969074
1404531691569
1404532430195
1404533156843
1404533857798
1404534565323
1404535289407
1404536055756
1404536774816
1404537530627
1404538241373
1404538966075
1404539731911
1404540546369
1404541422591
1404542325233
1404543167626
1404544067358
1404544932768
1404545730329
1404546554181
1404547413655
1404548269236
1404549056735
1404549855614
1404550799490
1404551598637
1404552393443
1404553233681
1404554056621
1404554903629
1404555798759
1404556623684
1404557674112
1404558679118
1404559696046
1404560639077
1404561676573
1404562685707
1404563684484
1404564697464
1404565668325
1404566683141
1404567779869
1404568839192
1404569844242
1404570793586
1404571870909
1404572824075
1404573790725
1404574813562
1404575855717
1404719344119
1404720134907
1404720948951
1404721801506
1404722582989
1404723405293
1404724240569
1404725068001
1404725958461
1404731490062
1404733881498
1404734724513
1404735611893
1404736409317
1404737249847
1404738056978
1404738904454
1404739739419
1404740554611
1404741406614
1404744178439
1404745027035
1404745872718
1404746712818
1404747580119
1404748443057
1404805248217
1404806127138
1404806861491
1404807728621
1404813671287
1404814295929
1404836923069
1404837552892
1404838186039
1404838818835
1404839451426
1404840084759
1404840717291
1404841351483
1404841986750
1404842622745
1404843262842
1404843881380
1404844508016
1404845126905
1404845747575
1404846366854
1404846985506
1404847606913
1404848227254
1404848858691
1404849486559
1404850120372
1404850788437
1404851437188
1404852101160
1404852765375
1404853405303
1404854069789
1404854709605
1404855347461
1404855993925
1404856704735
1404857367403
1404858037538
1404858755282
1404859481898
1404860186071
1404860887826
1404861550504
1404862236619
1404862923810
1404863697001
1404864424937
1404865145311
1404865866551
1404866586136
1404867379727
1404868109467
1404868848349
1404869558191
1404870271295
1404871091647
1404871906470
1404872743977
1404873524191
1404874329811
1404875171383
1404875970835
1404876837907
1404877725043
1404894727493
1404895355079
1404895986931
1404896613518
1404897242809
1404897866460
1404898500625
1404899134085
1404899772017
1404900405903
1404901045708
1404901683154
1404902306091
1404902922654
1404903544598
1404904181910
1404904803615
1404905425537
1404906048180
1404906671428
1404907297531
1404907929552
1404908564195
1404909196861
1404909848685
1404910494636
1404911142198
1404911788591
1404912422413
1404913069824
1404913721999
1404914422514
1404915132117
1404915794029
1404916484138
1404917164717
1404917839346
1404918531307
1404919214766
1404919884665
1404920576744
1404921274297
1404922025527
1404922765008
1404923525479
1404924225375
1404924949239
1404925716142
1404926453365
1404927206427
1404927955789
1404928811399
1404929659930
1404930507448
1404931302894
1404932094847
1404932907865
1404933750450
1404934550515
1404935445548
1404936244320
1404936880964
1404937512343
1404938144383
1404938774689
1404939406794
1404940037275
1404940678602
1404941310544
1404941943053
1404942579047
1404943215487
1404943837015
1404944460732
1404945080489
1404945699698
1404946318415
1404946937560
1404947556438
1404948176680
1404948802999
1404949436437
1404950074529
1404950706724
1404951346567
1404951984401
1404952629906
1404953267863
1404953910736
1404954543049
1404955205754
1404955876891
1404956534054
1404957225775
1404957923815
1404958608211
1404959281260
1404959935923
1404960591889
1404961262907
1404961937019
1404962670124
1404963398935
1404964165979
1404964908835
1404965642257
1404966381952
1404967149415
1404967891255
1404968646551
1404969371309
1404970214020
1404970999074
1404971813459
1404972623293
1404973438192
1404974223820
1404975020825
1404975863352
1404976681730
1404984987688
1404985618289
1404986246030
1404986871030
1404987502614
1404988135396
1404988761653
1404989403017
1404990043014
1404990677110
1404991310669
1404991930933
1404992555774
1404993176406
1404993805779
1404994424976
1404995043616
1404995678198
1404996299435
