1404306536254
1404307272436
1404307986915
1404308688592
1404309481905
1404311129934
1404311882354
1404312763437
1404313486678
1404315428645
1404316152664
1404316926267
1404317157749
1404317783864
1404372688635
1404374152642
1404375615279
1404376172610
1404377407377
1404378016716
1404380164544
1404380788657
1404381411875
1404382035397
1404382657060
1404383286347
1404383911431
1404384529467
1404385157025
1404385788904
1404386415068
1404387035592
1404387661653
1404388278776
1404388848998
1404389474174
1404390099325
1404390720521
1404391342927
1404391962715
1404392585118
1404393201764
1404393827132
1404394443000
1404395090217
1404395706841
1404396321534
1404396934356
1404397545492
1404398157581
1404398771093
1404399395211
1404400013550
1404400626836
1404401240937
1404401848603
1404402461321
1404403086930
1404403701598
1404404314853
1404404936823
1404405571068
1404406200045
1404406830134
1404407470957
1404408093198
1404408758561
1404409395203
1404410026414
1404410658225
1404411303751
1404411931688
1404412568473
1404413201197
1404413848774
1404414482117
1404415105553
1404415740113
1404416387911
1404417017133
1404417669808
1404418342527
1404419017037
1404419715602
1404420422174
1404421133471
1404421818653
1404422521541
1404423193486
1404423884085
1404424605310
1404425303191
1404426007261
1404426689745
1404427362614
1404428061123
1404428736195
1404429416392
1404430087806
1404430787139
1404431498569
1404432227882
1404432992708
1404433732145
1404434456136
1404435218942
1404435932251
1404436702821
1404437435449
1404438177441
1404438914851
1404439671765
1404440381480
1404441174736
1404441941101
1404442717233
1404443495311
1404444211441
1404444959119
1404445754768
1404446531678
1404447411777
1404448257812
1404449084379
1404449994923
1404450827037
1404451708408
1404452546110
1404453376675
1404454218364
1404455033180
1404455889789
1404456757913
1404457656860
1404458541638
1404487125505
1404487748651
1404488378146
1404489007456
1404489647032
1404490275336
1404490903053
1404491532970
1404492155009
1404492780957
1404493409978
1404494044106
1404494676980
1404495306328
1404495929736
1404496555511
1404497179272
1404497808301
1404498435853
1404499061944
1404499694393
1404500312706
1404500929967
1404501548002
1404502170003
1404502787871
1404503414624
1404504031820
1404504654045
1404505270760
1404505889220
1404506507556
1404507132407
1404507750446
1404508368745
1404508987765
1404509612125
1404510230205
1404510856381
1404511474293
1404512122262
1404512766026
1404513429230
1404514102208
1404514762761
1404515415711
1404516070698
1404516732636
1404517405042
1404518072757
1404518711034
1404519352521
1404520003753
1404520662024
1404521304749
1404521984301
1404522626355
1404523273341
1404523913501
1404524572059
1404525252368
1404525980859
1404526728127
1404527461616
1404528154158
1404528887241
1404529609606
1404530328735
1404531050568
1404531778178
1404532510057
1404533233925
1404533937601
1404534657206
1404535379463
1404536125642
1404536882653
1404537607300
1404538314590
1404539042429
1404539820344
1404540650077
1404541519224
1404542428144
1404543266304
1404544164389
1404545026509
1404545813971
1404546631068
1404547511786
1404548369487
1404549134711
1404549936054
1404550881269
1404551698453
1404552477441
1404553313442
1404554134504
1404554986495
1404555894623
1404556708490
1404557772953
1404558795190
1404559784207
1404560760437
1404561769334
1404562801494
1404563792393
1404564782824
1404565750914
1404566785781
1404567862960
1404568957531
1404569932386
1404570922925
1404571959857
1404572925234
1404573869420
1404574903871
1404575954718
1404719425932
1404720243493
1404721030244
1404721894822
1404722665545
1404723520350
1404724320306
1404725149080
1404726081700
1404731591388
1404733962805
1404734804515
1404735693569
1404736492000
1404737327998
1404738132897
1404738986990
1404739819677
1404740630921
1404741486568
1404744264889
1404745116861
1404745955527
1404746827199
1404747676187
1404748524990
1404805349438
1404806203735
1404806942643
1404807815001
1404813736861
1404814361043
1404836983034
1404837613812
1404838247049
1404838879818
1404839512432
1404840145714
1404840778141
1404841412770
1404842048135
1404842683849
1404843321000
1404843939820
1404844566303
1404845185234
1404845806114
1404846425312
1404847044902
1404847665268
1404848285712
1404848917106
1404849550504
1404850184372
1404850846679
1404851501144
1404852164979
1404852829372
1404853469218
1404854140525
1404854773345
1404855411366
1404856061049
1404856769721
1404857432725
1404858108500
1404858820227
1404859547133
1404860266154
1404860952659
1404861619489
1404862303854
1404863005610
1404863763238
1404864503232
1404865216185
1404865932652
1404866652521
1404867447700
1404868176514
1404868920999
1404869625125
1404870349116
1404871179637
1404872008652
1404872812647
1404873612237
1404874397849
1404875240546
1404876066167
1404876925804
1404877806185
1404894787452
1404895414627
1404896044995
1404896674955
1404897302028
1404897927395
1404898561661
1404899194437
1404899832785
1404900467285
1404901104116
1404901741632
1404902364083
1404902980801
1404903607454
1404904240993
1404904862080
1404905484427
1404906107938
1404906730145
1404907361562
1404907992600
1404908628088
1404909276326
1404909908607
1404910559010
1404911205758
1404911852890
1404912486307
1404913133864
1404913798887
1404914503004
1404915198922
1404915859061
1404916549311
1404917230818
1404917904684
1404918596333
1404919280295
1404919976770
1404920642453
1404921346425
1404922092203
1404922831314
1404923592694
1404924304210
1404925032520
1404925783614
1404926521130
1404927277685
1404928027226
1404928895872
1404929744943
1404930575039
1404931390665
1404932174802
1404932992581
1404933824092
1404934646414
1404935535029
1404936305266
1404936941940
1404937573053
1404938204912
1404938835624
1404939467743
1404940097944
1404940739389
1404941371623
1404942003650
1404942649846
1404943274018
1404943895461
1404944519260
1404945138787
1404945758110
1404946377093
1404946996046
1404947615784
1404948235165
1404948866946
1404949500283
1404950133089
1404950777490
1404951410295
1404952048363
1404952694504
1404953332740
1404953974448
1404954606826
1404955270964
1404955942807
1404956600372
1404957302883
1404957989541
1404958688582
1404959345885
1404960001189
1404960657242
1404961332917
1404962003736
1404962740976
1404963471850
1404964231817
1404965002678
1404965709153
1404966448680
1404967215425
1404967959695
1404968720765
1404969463824
1404970287271
1404971072335
1404971903366
1404972696573
1404973512859
1404974324462
1404975104108
1404975936373
1404976756029
1404985046713
1404985679748
1404986305617
1404986931557
1404987562722
1404988194493
1404988822943
1404989464364
1404990104176
1404990738436
1404991368931
1404991989275
1404992614303
1404993239797
1404993864129
1404994483281
1404995106934
1404995736570
1404996361828
