1404306652298
1404307383229
1404308098555
1404308801002
1404309609930
1404311242179
1404312000679
1404312880812
1404313602326
1404315559234
1404316279533
1404317252866
1404317876712
1404318918692
1404319943903
1404320968653
1404321994496
1404323019447
1404324043632
1404325068615
1404326095059
1404327121207
1404328147584
1404329173359
1404330199360
1404331224334
1404332250529
1404333276752
1404334302409
1404335327611
1404336352474
1404337378285
1404338404736
1404339430549
1404340455960
1404341480015
1404342505271
1404343530074
1404344554476
1404345580000
1404346605918
1404347631245
1404348656304
1404349681469
1404350706539
1404351732715
1404352757909
1404353783798
1404354809365
1404355835829
1404356862748
1404357888996
1404358915536
1404359941764
1404360967722
1404361993330
1404363017713
1404364042869
1404365068050
1404366092401
1404367118362
1404368111532
1404369136374
1404370161314
1404371185351
1404372782602
1404374245108
1404375707328
1404376263779
1404377498830
1404378109985
1404380261015
1404380881283
1404381506601
1404382128351
1404382756759
1404383378991
1404384004054
1404384622407
1404385249813
1404385883783
1404386507817
1404387130565
1404387752180
1404388370589
1404388943085
1404389567806
1404390194166
1404390814480
1404391434884
1404392055264
1404392676573
1404393293528
1404393918307
1404394535926
1404395181872
1404395797937
1404396412354
1404397025234
1404397636184
1404398248611
1404398862911
1404399489258
1404400104366
1404400717394
1404401331646
1404401939225
1404402564945
1404403178925
1404403792395
1404404405602
1404405034960
1404405663675
1404406293074
1404406922812
1404407561600
1404408197274
1404408851465
1404409490433
1404410119202
1404410750863
1404411394309
1404412022522
1404412661288
1404413294046
1404413941665
1404414574904
1404415203433
1404415832816
1404416480635
1404417117177
1404417776557
1404418449125
1404419123297
1404419836990
1404420540395
1404421257260
1404421934745
1404422628407
1404423314828
1404424006784
1404424727135
1404425409668
1404426127948
1404426796026
1404427484577
1404428183601
1404428867398
1404429537918
1404430216674
1404430892891
1404431607084
1404432348217
1404433117425
1404433841606
1404434596842
1404435343118
1404436047086
1404436822267
1404437549771
1404438291534
1404439029939
1404439781077
1404440516713
1404441303210
1404442066161
1404442839656
1404443622801
1404444342496
1404445103390
1404445884071
1404446672807
1404447548446
1404448397975
1404449248304
1404450117795
1404450981017
1404451831314
1404452669110
1404453512185
1404454351454
1404455164935
1404456027839
1404456906571
1404457795177
1404458679568
1404487218873
1404487843991
1404488471486
1404489109425
1404489742108
1404490370542
1404490997814
1404491628058
1404492248233
1404492876088
1404493505120
1404494142823
1404494771892
1404495399770
1404496024824
1404496649025
1404497270981
1404497903060
1404498529284
1404499156965
1404499785874
1404500404297
1404501021630
1404501639616
1404502261614
1404502879606
1404503506206
1404504123418
1404504745721
1404505362235
1404505980803
1404506599082
1404507223887
1404507841990
1404508460385
1404509079121
1404509703677
1404510321870
1404510947954
1404511565976
1404512215418
1404512859275
1404513535457
1404514195429
1404514856160
1404515509039
1404516164013
1404516825792
1404517498206
1404518167835
1404518804004
1404519445853
1404520097082
1404520755593
1404521398192
1404522077585
1404522719493
1404523366997
1404524008221
1404524665477
1404525367397
1404526097963
1404526871111
1404527578579
1404528270738
1404529003684
1404529728787
1404530445731
1404531168603
1404531917970
1404532626548
1404533368810
1404534047502
1404534768318
1404535527040
1404536242658
1404537019765
1404537718548
1404538447768
1404539186659
1404539951149
1404540818797
1404541664010
1404542560301
1404543476424
1404544333026
1404545155709
1404545956497
1404546792903
1404547656763
1404548495309
1404549277870
1404550092711
1404551029744
1404551827551
1404552602545
1404553473870
1404554258874
1404555172146
1404556028615
1404556942390
1404557914333
1404558942648
1404559951501
1404560953701
1404561963409
1404562950659
1404563947487
1404564950067
1404565904721
1404566972236
1404568000699
1404569153348
1404570111362
1404571135844
1404572116369
1404573089015
1404574000136
1404575090590
1404576113414
1404719556593
1404720378745
1404721154326
1404722022009
1404722825992
1404723680963
1404724444202
1404725297679
1404726229158
1404731766485
1404734120652
1404734952895
1404735820677
1404736634713
1404737485119
1404738263065
1404739127203
1404739966014
1404740771085
1404741620397
1404744406128
1404745264140
1404746114411
1404746955412
1404747839109
1404805497418
1404806325972
1404807079604
1404807972768
1404813830381
1404814453506
1404837077017
1404837708630
1404838341998
1404838975211
1404839607448
1404840240671
1404840872608
1404841508110
1404842143732
1404842779520
1404843413595
1404844032235
1404844658926
1404845277720
1404845898730
1404846517407
1404847137186
1404847759522
1404848390822
1404849009685
1404849643232
1404850289614
1404850939547
1404851599529
1404852289631
1404852926751
1404853578902
1404854233463
1404854871304
1404855504240
1404856181548
1404856874380
1404857538533
1404858227748
1404858925144
1404859665228
1404860370747
1404861057736
1404861724781
1404862409893
1404863125915
1404863901911
1404864610125
1404865323908
1404866063042
1404866772826
1404867555507
1404868288742
1404869028567
1404869731491
1404870498908
1404871302605
1404872132457
1404872928474
1404873732474
1404874549239
1404875360802
1404876182714
1404877053578
1404877926514
1404894882067
1404895508617
1404896136653
1404896770418
1404897395254
1404898022897
1404898657750
1404899293425
1404899927180
1404900562777
1404901214244
1404901834204
1404902455925
1404903077199
1404903699621
1404904333170
1404904954987
1404905577015
1404906200534
1404906822578
1404907453880
1404908085173
1404908721397
1404909369240
1404910000951
1404910651623
1404911310255
1404911945074
1404912578856
1404913226314
1404913903558
1404914622088
1404915306674
1404915964188
1404916667174
1404917336777
1404918036395
1404918702154
1404919385132
1404920081271
1404920761923
1404921454175
1404922199690
1404922954064
1404923700250
1404924411598
1404925151515
1404925906366
1404926628430
1404927385762
1404928169827
1404929011276
1404929876281
1404930711556
1404931501474
1404932296102
1404933115136
1404933935484
1404934793571
1404935666891
1404936400216
1404937036967
1404937668186
1404938299295
1404938930665
1404939562594
1404940193263
1404940834679
1404941466778
1404942098916
1404942742202
1404943366639
1404943987851
1404944611835
1404945231423
1404945850455
1404946469556
1404947088587
1404947708173
1404948327608
1404948959975
1404949593213
1404950230702
1404950870318
1404951508581
1404952140922
1404952791404
1404953429961
1404954067239
1404954699671
1404955376290
1404956048032
1404956705019
1404957407994
1404958095977
1404958793553
1404959450283
1404960106222
1404960762100
1404961437600
1404962126540
1404962859055
1404963598912
1404964360987
1404965115015
1404965817397
1404966571238
1404967323963
1404968082190
1404968829829
1404969600783
1404970418528
1404971203542
1404972015038
1404972821711
1404973641257
1404974435218
1404975247443
1404976059616
1404976877438
1404985140676
1404985775270
1404986398370
1404987026459
1404987658058
1404988288203
1404988923184
1404989559882
1404990199344
1404990833349
1404991461141
1404992085592
1404992706786
1404993337328
1404993956616
1404994575847
1404995199558
1404995829323
