1404306925281
1404307650954
1404308366993
1404309067474
1404309903460
1404311522108
1404312282927
1404313141896
1404313896356
1404315819521
1404316557285
1404317477651
1404372384815
1404374927138
1404376825732
1404377718468
1404378330670
1404380486682
1404381104532
1404381733627
1404382353309
1404382981258
1404383605677
1404384228015
1404384848986
1404385474447
1404386110473
1404386731962
1404387358302
1404387974509
1404389168952
1404389791820
1404390416328
1404391037631
1404391658404
1404392279879
1404392895819
1404393514063
1404394137976
1404394761492
1404395402309
1404396016902
1404396630659
1404397243319
1404397854238
1404398466520
1404399082487
1404399709300
1404400322310
1404400935491
1404401549539
1404402157148
1404402782849
1404403396955
1404404010654
1404404623631
1404405252845
1404405881760
1404406511520
1404407141133
1404407779462
1404408415163
1404409084687
1404409708510
1404410337475
1404410969241
1404411613342
1404412245451
1404412879427
1404413530007
1404414159521
1404414792800
1404415421384
1404416069483
1404416699400
1404417334973
1404418021254
1404418682614
1404419379735
1404420064625
1404420792215
1404421495800
1404422171253
1404422856430
1404423543832
1404424248876
1404424966169
1404425654589
1404426355197
1404427023083
1404427704862
1404428409322
1404429095076
1404429765491
1404430451430
1404431125956
1404431898040
1404432621490
1404433384014
1404434094791
1404434865240
1404435593602
1404436344760
1404437087831
1404437815134
1404438555965
1404439317847
1404440051639
1404440785853
1404441594252
1404442352183
1404443130990
1404443866896
1404444595485
1404445420137
1404446170048
1404447031419
1404447877355
1404448684444
1404449577106
1404450420191
1404451294925
1404452126010
1404452998295
1404453814649
1404454656054
1404455469491
1404456362933
1404457252204
1404458112975
1404458979845
1404487441948
1404488068958
1404488696713
1404489336751
1404489965463
1404490596083
1404491224796
1404491851450
1404492475634
1404493103041
1404493734573
1404494370481
1404494996602
1404495623066
1404496249834
1404496874210
1404497497632
1404498130096
1404498752889
1404499382588
1404500005822
1404500623958
1404501241281
1404501859738
1404502481360
1404503104283
1404503726188
1404504343298
1404504965578
1404505582284
1404506200689
1404506822977
1404507443496
1404508061906
1404508680554
1404509301356
1404509923551
1404510545341
1404511167799
1404511785879
1404512435232
1404513091743
1404513755213
1404514415437
1404515076012
1404515743859
1404516384099
1404517073868
1404517717839
1404518387619
1404519023919
1404519678728
1404520316953
1404520975635
1404521631159
1404522301724
1404522939487
1404523586912
1404524240944
1404524885314
1404525629654
1404526347800
1404527094363
1404527807497
1404528504937
1404529248481
1404529989266
1404530686574
1404531424956
1404532154817
1404532858306
1404533595506
1404534298702
1404535000103
1404535758266
1404536465936
1404537248197
1404537942328
1404538676152
1404539428959
1404540238263
1404541095230
1404542005358
1404542859510
1404543768230
1404544656302
1404545441746
1404546248820
1404547116748
1404547933562
1404548779574
1404549534734
1404550462885
1404551300127
1404552103271
1404552946941
1404553773746
1404554585106
1404555483553
1404556303018
1404557310936
1404558321511
1404559359986
1404560295369
1404561325019
1404562323153
1404563309689
1404564302353
1404565293524
1404566252712
1404567354513
1404568452601
1404569489041
1404570449102
1404571521812
1404572443876
1404573431507
1404574343631
1404575489506
1404576545222
1404719847013
1404720671569
1404721476071
1404722307889
1404723088289
1404723960551
1404724760357
1404725623475
1404732069978
1404734409600
1404735306685
1404736101084
1404736931876
1404737761870
1404738580503
1404739420935
1404740254388
1404741128805
1404741947516
1404744719099
1404745581622
1404746421374
1404747258921
1404748121702
1404805811296
1404806589375
1404807407430
1404808276287
1404814054232
1404837305383
1404837936590
1404838569999
1404839202956
1404839835737
1404840468710
1404841101366
1404841737254
1404842372502
1404843008436
1404843635364
1404844262287
1404844880882
1404845499818
1404846120931
1404846739698
1404847359184
1404847981582
1404848613132
1404849233479
1404849867353
1404850535894
1404851168439
1404851848297
1404852512947
1404853150806
1404853802250
1404854457390
1404855095077
1404855729629
1404856436858
1404857100427
1404857773204
1404858490624
1404859201003
1404859903801
1404860632752
1404861295711
1404861960149
1404862636552
1404863440649
1404864153255
1404864889022
1404865590934
1404866329697
1404867085320
1404867835823
1404868576694
1404869286630
1404869998440
1404870809857
1404871608864
1404872456575
1404873242968
1404874032183
1404874888872
1404875655637
1404876527381
1404877387644
1404878265495
1404895108468
1404895737200
1404896365080
1404896995847
1404897620883
1404898251158
1404898884975
1404899519731
1404900155815
1404900791588
1404901436331
1404902058570
1404902677420
1404903298783
1404903934975
1404904555279
1404905178957
1404905799080
1404906423602
1404907044977
1404907677074
1404908309344
1404908943555
1404909593923
1404910225033
1404910874899
1404911533639
1404912169903
1404912818103
1404913461760
1404914136696
1404914868438
1404915538132
1404916214575
1404916910058
1404917568259
1404918262260
1404918960098
1404919628229
1404920312712
1404921017262
1404921738145
1404922483432
1404923268421
1404923957202
1404924674489
1404925404364
1404926184636
1404926912665
1404927677155
1404928479187
1404929327611
1404930207862
1404931016417
1404931781163
1404932622305
1404933430806
1404934245583
1404935112817
1404935956899
1404936632064
1404937264409
1404937896050
1404938526458
1404939158670
1404939790482
1404940425739
1404941062547
1404941694463
1404942326460
1404942969650
1404943589131
1404944214895
1404944834287
1404945453341
1404946072499
1404946691262
1404947310504
1404947930494
1404948549933
1404949184021
1404949821917
1404950454365
1404951094251
1404951732304
1404952377455
1404953015594
1404953653584
1404954290861
1404954926693
1404955607741
1404956273739
1404956948702
1404957638862
1404958327982
1404959019216
1404959680699
1404960337336
1404961008410
1404961675469
1404962398503
1404963141925
1404963886345
1404964623902
1404965380144
1404966068071
1404966843350
1404967598389
1404968350103
1404969082363
1404969911031
1404970700127
1404971478851
1404972346426
1404973137391
1404973952118
1404974736426
1404975542827
1404976356723
1404977174353
1404985368974
1404986002464
1404986623230
1404987254186
1404987886667
1404988512877
1404989151495
1404989788791
1404990426809
1404991066082
1404991684214
1404992307891
1404992928694
1404993559669
1404994178464
1404994797602
1404995434455
1404996053220
