1404306705344
1404307435927
1404308156562
1404308874686
1404309684479
1404311314373
1404312054034
1404312934617
1404313682708
1404315613339
1404316331889
1404317300894
1404372207702
1404372830219
1404374292119
1404375753503
1404376309984
1404377545119
1404378156312
1404380308966
1404380927414
1404381554918
1404382174451
1404382804731
1404383427065
1404384052054
1404384670418
1404385297847
1404385931892
1404386555891
1404387178434
1404387798161
1404388417117
1404388991117
1404389614206
1404390242042
1404390861827
1404391482284
1404392103041
1404392722790
1404393339657
1404393965580
1404394583218
1404395228879
1404395844179
1404396458364
1404397071009
1404397682380
1404398294565
1404398908926
1404399536272
1404400150269
1404400763359
1404401377593
1404401985155
1404402610918
1404403224977
1404403838400
1404404451262
1404405080910
1404405709576
1404406339173
1404406968973
1404407607515
1404408243080
1404408897611
1404409536401
1404410165248
1404410796759
1404411441315
1404412073247
1404412707221
1404413339936
1404413987619
1404414620820
1404415249316
1404415878746
1404416526634
1404417163118
1404417835912
1404418502598
1404419177231
1404419884824
1404420604882
1404421310342
1404421999286
1404422682090
1404423368137
1404424054873
1404424780804
1404425463289
1404426181240
1404426849040
1404427532695
1404428237122
1404428920804
1404429591310
1404430270122
1404430946635
1404431666956
1404432414002
1404433177394
1404433896046
1404434651712
1404435397511
1404436117712
1404436891935
1404437604675
1404438345933
1404439095765
1404439851282
1404440577142
1404441358193
1404442126107
1404442915019
1404443676951
1404444399627
1404445171726
1404445959622
1404446762265
1404447621405
1404448458896
1404449332383
1404450186657
1404451043088
1404451893339
1404452741970
1404453568302
1404454413286
1404455234199
1404456086665
1404456975994
1404457871401
1404458740895
1404487267041
1404487892347
1404488519934
1404489157726
1404489788541
1404490417053
1404491045990
1404491676399
1404492296459
1404492924199
1404493551579
1404494191209
1404494819835
1404495448124
1404496071215
1404496696981
1404497319028
1404497951396
1404498577651
1404499205241
1404499832111
1404500450866
1404501067971
1404501686067
1404502308086
1404502931014
1404503552646
1404504169766
1404504792199
1404505408560
1404506027188
1404506649524
1404507270213
1404507888462
1404508506906
1404509125486
1404509750120
1404510372047
1404510994379
1404511612508
1404512261883
1404512918480
1404513581922
1404514241777
1404514902550
1404515555461
1404516210478
1404516872364
1404517544550
1404518214265
1404518850482
1404519492311
1404520143558
1404520802213
1404521444789
1404522124090
1404522765949
1404523413361
1404524054529
1404524711883
1404525436748
1404526154464
1404526919394
1404527632016
1404528330023
1404529056871
1404529787695
1404530509942
1404531236987
1404531974547
1404532683186
1404533420466
1404534118409
1404534825074
1404535580383
1404536290613
1404537073186
1404537766825
1404538501116
1404539243784
1404540023652
1404540889517
1404541738221
1404542625007
1404543551738
1404544396185
1404545215825
1404546027400
1404546886073
1404547720297
1404548565940
1404549341012
1404550188184
1404551089823
1404551897907
1404552662442
1404553539077
1404554336687
1404555235437
1404556092168
1404557016455
1404557980540
1404559057232
1404560017957
1404561014460
1404562043197
1404563017361
1404564051539
1404565021524
1404565968703
1404567048966
1404568100865
1404569217328
1404570190985
1404571206056
1404572197856
1404573167290
1404574066910
1404575163222
1404576195689
1404719616667
1404720437405
1404721223035
1404722095731
1404722884777
1404723744568
1404724503352
1404725355870
1404726288463
1404731825917
1404734184277
1404735043521
1404735884707
1404736712355
1404737548725
1404738326993
1404739186908
1404740029177
1404740849155
1404741704340
1404744465397
1404745323466
1404746194030
1404747014690
1404747904045
1404805572437
1404806385338
1404807159001
1404808052215
1404813876863
1404837125566
1404837756806
1404838390303
1404839023295
1404839655751
1404840288780
1404840921163
1404841556742
1404842192181
1404842828065
1404843460270
1404844081746
1404844705750
1404845324653
1404845945595
1404846564166
1404847183930
1404847806335
1404848437697
1404849056324
1404849690330
1404850336589
1404850986621
1404851646560
1404852336513
1404852973640
1404853625792
1404854280306
1404854918360
1404855551269
1404856234106
1404856921394
1404857590080
1404858292608
1404858992848
1404859712326
1404860442142
1404861117273
1404861777105
1404862456986
1404863192386
1404863955813
1404864669047
1404865393041
1404866116124
1404866864353
1404867609403
1404868357645
1404869094601
1404869785959
1404870553983
1404871375898
1404872228035
1404873013495
1404873802209
1404874631374
1404875430251
1404876267984
1404877141536
1404878013682
1404894929597
1404895557070
1404896185122
1404896817641
1404897443224
1404898071187
1404898704950
1404899341202
1404899975562
1404900611268
1404901260955
1404901881095
1404902502616
1404903123665
1404903746260
1404904380304
1404905002053
1404905623929
1404906247596
1404906869562
1404907500741
1404908132299
1404908767730
1404909416256
1404910047993
1404910698674
1404911357203
1404911991951
1404912625964
1404913272923
1404913956574
1404914674884
1404915359209
1404916012010
1404916719468
1404917384252
1404918083598
1404918769763
1404919450117
1404920128560
1404920819466
1404921517907
1404922268341
1404923034568
1404923754452
1404924464941
1404925205306
1404925960070
1404926687456
1404927454856
1404928246414
1404929084064
1404929962199
1404930786597
1404931571560
1404932372250
1404933175538
1404933996615
1404934871508
1404935727895
1404936452170
1404937085401
1404937716551
1404938347109
1404938978964
1404939610876
1404940241461
1404940882929
1404941514976
1404942147073
1404942790308
1404943413576
1404944035675
1404944658699
1404945278257
1404945897287
1404946516114
1404947135188
1404947754842
1404948374444
1404949006996
1404949640233
1404950277680
1404950917304
1404951555540
1404952187952
1404952839056
1404953477093
1404954114168
1404954746626
1404955429191
1404956095250
1404956757969
1404957460749
1404958148554
1404958840696
1404959497420
1404960159022
1404960830162
1404961484669
1404962180036
1404962912296
1404963652899
1404964426844
1404965183262
1404965871056
1404966624912
1404967389342
1404968136527
1404968883779
1404969686722
1404970479472
1404971264505
1404972089841
1404972881879
1404973713951
1404974491076
1404975307562
1404976114325
1404976950016
1404985188764
1404985823728
1404986445654
1404987074478
1404987706296
1404988335520
1404988971547
1404989608321
1404990246826
1404990881481
1404991507739
1404992132522
1404992753552
1404993384000
1404994003419
1404994622444
1404995259022
1404995875956
