1404306973955
1404307697686
1404308414952
1404309123023
1404309953696
1404311571948
1404313190692
1404313945265
1404315867847
1404316605779
1404317528225
1404372434868
1404373896267
1404374976119
1404376874072
1404377766837
1404378379225
1404380536151
1404381153627
1404381781761
1404382403779
1404383029384
1404383656194
1404384278315
1404384899412
1404385524685
1404386161019
1404386782429
1404387408713
1404388022633
1404388595525
1404389219189
1404389840061
1404390465397
1404391087101
1404391708260
1404392328379
1404392943915
1404393563061
1404394186576
1404394809934
1404395451043
1404396064995
1404396678865
1404397291214
1404397902377
1404398514704
1404399130894
1404399757689
1404400370593
1404400983632
1404401597870
1404402205278
1404402830975
1404403445075
1404404058915
1404404671817
1404405301174
1404405930059
1404406559679
1404407189327
1404407827831
1404408463440
1404409131167
1404409756793
1404410385750
1404411017402
1404411661512
1404412293465
1404412927723
1404413578259
1404414207830
1404414841116
1404415469555
1404416117579
1404416747639
1404417383170
1404418069451
1404418745895
1404419430144
1404420127773
1404420840420
1404421543908
1404422219608
1404422904497
1404423592027
1404424295314
1404425014410
1404425701151
1404426418256
1404427071358
1404427753259
1404428457629
1404429143422
1404429813917
1404430514755
1404431174165
1404431946199
1404432672023
1404433434405
1404434160001
1404434913611
1404435644177
1404436391123
1404437136072
1404437865370
1404438619481
1404439369751
1404440101907
1404440834086
1404441644475
1404442417420
1404443177408
1404443917344
1404444661095
1404445470522
1404446218320
1404447100685
1404447931336
1404448755667
1404449647949
1404450476253
1404451369679
1404452201960
1404453052815
1404453874183
1404454717664
1404455523897
1404456424865
1404457314474
1404458172959
1404459038429
1404487492369
1404488119508
1404488747354
1404489391316
1404490020263
1404490646216
1404491275204
1404491901840
1404492524312
1404493151525
1404493784610
1404494419119
1404495046720
1404495673456
1404496300308
1404496922924
1404497547815
1404498180697
1404498803350
1404499431279
1404500054546
1404500672667
1404501289862
1404501908348
1404502530014
1404503153042
1404503774815
1404504392086
1404505014277
1404505631080
1404506249430
1404506871673
1404507492206
1404508110627
1404508729259
1404509350009
1404509972185
1404510593853
1404511216450
1404511834608
1404512483866
1404513140454
1404513803834
1404514464125
1404515124729
1404515792499
1404516432794
1404517120129
1404517766524
1404518436326
1404519072507
1404519727270
1404520365649
1404521024437
1404521679660
1404522350448
1404522988202
1404523635671
1404524289645
1404524934025
1404525678399
1404526396329
1404527143055
1404527856181
1404528553538
1404529297135
1404530035957
1404530735306
1404531473482
1404532218665
1404532922105
1404533644136
1404534347306
1404535048749
1404535806966
1404536529587
1404537296834
1404538006104
1404538724872
1404539492645
1404540288767
1404541144069
1404542054125
1404542908126
1404543818474
1404544706690
1404545505454
1404546299291
1404547167321
1404547983994
1404548830077
1404549584819
1404550526632
1404551350409
1404552151851
1404552993424
1404553824188
1404554631999
1404555537312
1404556353645
1404557365766
1404558388047
1404559426128
1404560374355
1404561390400
1404562403061
1404563389089
1404564376739
1404565360029
1404566326801
1404567441365
1404568532292
1404569562830
1404570520669
1404571581370
1404572545787
1404573495938
1404574434627
1404575580419
1404576643039
1404719896521
1404720721487
1404721522523
1404722357615
1404723138362
1404724010500
1404724824814
1404725684438
1404731241182
1404732130469
1404734458235
1404735352580
1404736150869
1404736997477
1404737810967
1404738631490
1404739471431
1404740304120
1404741184034
1404742011575
1404744769497
1404745645303
1404746471578
1404747309144
1404748185264
1404805858035
1404806639535
1404807457004
1404808344669
1404814103093
1404837355470
1404837986838
1404838620029
1404839252740
1404839885768
1404840518640
1404841151647
1404841787592
1404842422830
1404843058615
1404843683754
1404844310358
1404844929365
1404845548110
1404846169296
1404846788063
1404847409298
1404848029983
1404848661411
1404849281730
1404849915823
1404850584187
1404851217135
1404851896924
1404852561423
1404853199474
1404853850819
1404854505455
1404855143549
1404855778170
1404856486610
1404857149193
1404857821544
1404858539221
1404859250838
1404859964518
1404860681491
1404861344019
1404862008311
1404862684958
1404863489753
1404864202300
1404864937447
1404865656281
1404866378407
1404867134730
1404867886398
1404868627087
1404869335536
1404870047929
1404870864844
1404871664257
1404872512638
1404873300799
1404874086805
1404874944271
1404875718275
1404876582642
1404877452855
1404878321374
1404895156827
1404895787575
1404896414718
1404897045819
1404897669834
1404898301346
1404898933664
1404899569468
1404900206143
1404900841935
1404901484880
1404902107429
1404902725423
1404903346912
1404903981762
1404904603910
1404905227383
1404905847874
1404906472802
1404907093230
1404907725138
1404908358763
1404908992169
1404909641867
1404910273822
1404910923484
1404911583464
1404912218587
1404912866464
1404913514429
1404914185711
1404914916823
1404915587586
1404916263725
1404916958568
1404917616234
1404918310384
1404919009218
1404919678880
1404920361724
1404921066574
1404921791142
1404922532321
1404923316340
1404924016916
1404924723630
1404925457126
1404926233561
1404926960814
1404927725923
1404928534186
1404929383506
1404930270545
1404931071924
1404931830943
1404932680111
1404933486150
1404934300902
1404935183779
1404936026749
1404936682196
1404937314485
1404937945756
1404938576548
1404939208705
1404939840542
1404940479629
1404941112643
1404941744527
1404942376371
1404943017984
1404943637390
1404944262976
1404944882591
1404945501606
1404946120903
1404946739568
1404947358725
1404947978703
1404948598348
1404949232334
1404949870233
1404950502996
1404951142453
1404951780595
1404952425960
1404953064019
1404953702007
1404954339276
1404954975484
1404955656391
1404956322463
1404957001303
1404957688536
1404958376291
1404959072670
1404959728699
1404960386093
1404961056824
1404961724451
1404962447435
1404963191095
1404963935057
1404964672922
1404965429114
1404966127884
1404966902877
1404967647149
1404968401116
1404969141898
1404969966607
1404970761151
1404971565438
1404972407223
1404973203829
1404974007667
1404974801647
1404975598555
1404976422552
1404977229577
1404985419305
1404986051452
1404986673215
1404987304294
1404987937037
1404988562256
1404989201678
1404989843224
1404990477208
1404991115453
1404991732786
1404992356317
1404992976876
1404993608043
1404994227002
1404994845989
1404995482849
1404996101721
