1404306825830
1404307542199
1404308282082
1404308986517
1404309822266
1404311437455
1404312177425
1404313056633
1404313795019
1404315719757
1404316477568
1404317396425
1404372304241
1404372925816
1404374847004
1404375853356
1404376746400
1404377639646
1404378250188
1404380406309
1404381023874
1404381652617
1404382272240
1404382900129
1404383524618
1404384147279
1404384768017
1404385393416
1404386029486
1404386651192
1404387277225
1404387895554
1404388514039
1404389088244
1404389711024
1404390337592
1404390957746
1404391578223
1404392198511
1404392816590
1404393435242
1404394058897
1404394679833
1404395323428
1404395937803
1404396551796
1404397164338
1404397775660
1404398387833
1404399003388
1404399631010
1404400243581
1404400856529
1404401470678
1404402078380
1404402703858
1404403318189
1404403931829
1404404544753
1404405174102
1404405802845
1404406432738
1404407062285
1404407700689
1404408336208
1404408990775
1404409629702
1404410258729
1404410890473
1404411534622
1404412166723
1404412800671
1404413451356
1404414080735
1404414714041
1404415342629
1404415990492
1404416620539
1404417256167
1404417942402
1404418603868
1404419285892
1404419985781
1404420713458
1404421416883
1404422092548
1404422777489
1404423463660
1404424154973
1404424887415
1404425560680
1404426276496
1404426944359
1404427626050
1404428330381
1404429016285
1404429686693
1404430370551
1404431047141
1404431796271
1404432529162
1404433286920
1404434005048
1404434778306
1404435506932
1404436226985
1404437001469
1404437714001
1404438469492
1404439220422
1404439965649
1404440699657
1404441496599
1404442265891
1404443029164
1404443780677
1404444514508
1404445322783
1404446083499
1404446927048
1404447769793
1404448579806
1404449464885
1404450320349
1404451182214
1404452016368
1404452874574
1404453711633
1404454551217
1404455365082
1404456246997
1404457123864
1404457998682
1404458860986
1404487362669
1404487989830
1404488615608
1404489255579
1404489884535
1404490515211
1404491143969
1404491770556
1404492394432
1404493022156
1404493649312
1404494289293
1404494915974
1404495543827
1404496168746
1404496792998
1404497416657
1404498048988
1404498672039
1404499301489
1404499926455
1404500544902
1404501162102
1404501780417
1404502402172
1404503025279
1404503646920
1404504264038
1404504886553
1404505503027
1404506121371
1404506743682
1404507364363
1404507982690
1404508601291
1404509222399
1404509844340
1404510466010
1404511088550
1404511706593
1404512355926
1404513012558
1404513676017
1404514336197
1404514996836
1404515649580
1404516304780
1404516966751
1404517638654
1404518308367
1404518944574
1404519586519
1404520237806
1404520896357
1404521552038
1404522222401
1404522860243
1404523507637
1404524148781
1404524806038
1404525550577
1404526268723
1404527015233
1404527728159
1404528425859
1404529169181
1404529894940
1404530607371
1404531345858
1404532075641
1404532779064
1404533516497
1404534214546
1404534920964
1404535678890
1404536386708
1404537168993
1404537863156
1404538596962
1404539349663
1404540146774
1404540997940
1404541880730
1404542763445
1404543687159
1404544564956
1404545345146
1404546167647
1404547019941
1404547842086
1404548682996
1404549449145
1404550356793
1404551208719
1404552011953
1404552800610
1404553683975
1404554479317
1404555391899
1404556210676
1404557162876
1404558147053
1404559197760
1404560161635
1404561181224
1404562190529
1404563176150
1404564193351
1404565156380
1404566115320
1404567209594
1404568283765
1404569360912
1404570335205
1404571369481
1404572335233
1404573317475
1404574209678
1404575354144
1404576361739
1404719743753
1404720566501
1404721375847
1404722213243
1404722997869
1404723874015
1404724645581
1404725517886
1404726431334
1404728661430
1404731960262
1404734318416
1404735191007
1404736006158
1404736840216
1404737672258
1404738479910
1404739330580
1404740163450
1404740977244
1404741847592
1404744592763
1404745486263
1404746311516
1404747163849
1404748030261
1404805710199
1404806504156
1404807311684
1404808175574
1404813973159
1404837224544
1404837854520
1404838488241
1404839120997
1404839753719
1404840386699
1404841019311
1404841655037
1404842290434
1404842926092
1404843554913
1404844176450
1404844800388
1404845419365
1404846040489
1404846659025
1404847278505
1404847901121
1404848532349
1404849151080
1404849785394
1404850441714
1404851086914
1404851754209
1404852431588
1404853068878
1404853720857
1404854375377
1404855013578
1404855648008
1404856342071
1404857017013
1404857689758
1404858407320
1404859093880
1404859820394
1404860537578
1404861212544
1404861877157
1404862553466
1404863329663
1404864063240
1404864792062
1404865500768
1404866239301
1404866985244
1404867729366
1404868492250
1404869201777
1404869908166
1404870676200
1404871491005
1404872358879
1404873129328
1404873933575
1404874784244
1404875546792
1404876403275
1404877258652
1404878156441
1404895027004
1404895655184
1404896283513
1404896913869
1404897539687
1404898168993
1404898802664
1404899437988
1404900073695
1404900709441
1404901355813
1404901978489
1404902597143
1404903218463
1404903840681
1404904475025
1404905098106
1404905718792
1404906342717
1404906964362
1404907595567
1404908227865
1404908862386
1404909511634
1404910143218
1404910793409
1404911452175
1404912087920
1404912735843
1404913380239
1404914053534
1404914770147
1404915454472
1404916119449
1404916815237
1404917485274
1404918179015
1404918877114
1404919545633
1404920229409
1404920927138
1404921640574
1404922387858
1404923157875
1404923862491
1404924572715
1404925313525
1404926079636
1404926806960
1404927587004
1404928382059
1404929229910
1404930094310
1404930902500
1404931684176
1404932503253
1404933313628
1404934127367
1404935009022
1404935839377
1404936550283
1404937182759
1404937814284
1404938444777
1404939076634
1404939708599
1404940339172
1404940980776
1404941612558
1404942244470
1404942885207
1404943508519
1404944130485
1404944753590
1404945372896
1404945992042
1404946610823
1404947230008
1404947849803
1404948469308
1404949102110
1404949735452
1404950372629
1404951012331
1404951650644
1404952283227
1404952934138
1404953571981
1404954209238
1404954845258
1404955524439
1404956190829
1404956865712
1404957556221
1404958244178
1404958936102
1404959593197
1404960254264
1404960925482
1404961592214
1404962303228
1404963046527
1404963790441
1404964539415
1404965290150
1404965978052
1404966732913
1404967502044
1404968244288
1404968991355
1404969809176
1404970601582
1404971375199
1404972225655
1404973012953
1404973854025
1404974627157
1404975429220
1404976238904
1404977070284
1404985287223
1404985921027
1404986542674
1404987172236
1404987804398
1404988431765
1404989069380
1404989706572
1404990344762
1404990979125
1404991602326
1404992227241
1404992848207
1404993478842
1404994098123
1404994717081
1404995353856
1404995970844
