1404307599130
1404307643771
1404307654520
1404308335173
1404308361962
1404308372665
1404309035636
1404309062439
1404309871634
1404309898424
1404311490654
1404311517072
1404312231077
1404312275996
1404313110427
1404313136863
1404313864650
1404313891321
1404315772754
1404315814492
1404315824962
1404316525804
1404316552255
1404316563076
1404317446128
1404317472617
1404317472668
1404372353313
1404372379781
1404372379835
1404372975322
1404373001626
1404374895952
1404374922108
1404374922175
1404375900661
1404375926981
1404376794275
1404376820696
1404377687012
1404377713438
1404378299219
1404378325634
1404380455328
1404380481651
1404381073052
1404381099499
1404381099566
1404381702107
1404381728591
1404382321691
1404382348273
1404382348332
1404382949755
1404382976222
1404383574110
1404383600641
1404383600701
1404384196494
1404384222982
1404384223032
1404384817449
1404384843950
1404384844009
1404385442956
1404385469411
1404385469472
1404386078974
1404386105437
1404386105497
1404386700467
1404386726926
1404386726988
1404387326717
1404387353269
1404387353328
1404387942997
1404387969473
1404389137454
1404389163918
1404389163974
1404389760331
1404389786784
1404390384881
1404390411295
1404390411349
1404391006261
1404391032595
1404391032651
1404391627026
1404391653374
1404391653450
1404392248372
1404392274846
1404392864345
1404392890784
1404393482681
1404393509033
1404394106535
1404394132940
1404394730201
1404394756462
1404395370885
1404395397273
1404395985302
1404396011867
1404396599214
1404396625627
1404397211887
1404397238283
1404397822944
1404397849203
1404398435174
1404398461490
1404399051105
1404399077452
1404399677978
1404399704270
1404400290815
1404400317275
1404400903967
1404400930458
1404401518072
1404401544503
1404402125641
1404402152112
1404402751317
1404402777814
1404403365472
1404403391922
1404403979067
1404404005618
1404404592117
1404404618599
1404405221352
1404405247816
1404405850250
1404405876727
1404406480018
1404406506489
1404407109560
1404407136097
1404407747938
1404407774430
1404408383656
1404408410129
1404409038167
1404409077843
1404409676985
1404409703474
1404410305980
1404410332440
1404410937717
1404410964205
1404411581831
1404411608307
1404412213900
1404412240416
1404412847926
1404412874392
1404413498503
1404413524973
1404414128006
1404414154486
1404414761287
1404414787764
1404415389813
1404415416349
1404416037920
1404416064448
1404416667828
1404416694367
1404417303403
1404417329937
1404417989752
1404418016218
1404418651128
1404418677579
1404419333199
1404419372937
1404419383979
1404420033139
1404420059590
1404420760711
1404420787181
1404421464278
1404421490767
1404422139763
1404422166218
1404422824931
1404422851394
1404423512230
1404423538797
1404423549723
1404424202390
1404424242060
1404424934651
1404424961134
1404424972083
1404425608081
1404425647836
1404426323647
1404426350162
1404426991557
1404427018048
1404427673354
1404427699827
1404428377817
1404428404288
1404428415329
1404429063574
1404429090045
1404429733980
1404429760459
1404430419924
1404430446395
1404430457349
1404431094433
1404431120921
1404431131840
1404431866519
1404431893011
1404431903686
1404432589966
1404432616454
1404433352520
1404433378977
1404434057642
1404434089758
1404434833732
1404434860207
1404434870583
1404435562045
1404435588567
1404436292927
1404436337915
1404436348545
1404437056314
1404437082797
1404437093510
1404437783617
1404437810099
1404438524471
1404438550929
1404438561457
1404439286339
1404439312812
1404439323756
1404440020126
1404440046605
1404440754347
1404440780818
1404440791435
1404441562750
1404441589219
1404442320671
1404442347149
1404443084462
1404443124166
1404443134905
1404443835329
1404443861864
1404444564012
1404444590449
1404445388630
1404445415102
1404446138565
1404446165013
1404446175693
1404446988320
1404447026385
1404447036689
1404447834516
1404447872322
1404447882708
1404448641085
1404448679410
1404449524479
1404449572072
1404450376409
1404450415158
1404451252031
1404451289891
1404451300433
1404452088383
1404452120975
1404452945609
1404452991546
1404453772211
1404453809620
1404453820071
1404454613188
1404454651019
1404455426315
1404455464460
1404455475097
1404456319947
1404456357899
1404457184802
1404457247169
1404458060603
1404458106196
1404458921534
1404458972673
1404458983161
1404487410547
1404487436914
1404487436969
1404488037491
1404488063922
1404488063981
1404488665239
1404488691677
1404488691736
1404489305274
1404489331717
1404489331770
1404489933994
1404489960430
1404489960485
1404490564673
1404490591046
1404490591107
1404491193274
1404491219759
1404491219815
1404491819942
1404491846414
1404491846486
1404492444173
1404492470598
1404493071582
1404493098005
1404493703109
1404493729536
1404493729599
1404494338995
1404494365445
1404494965196
1404494991565
1404494991627
1404495591652
1404495618032
1404495618088
1404496218368
1404496244797
1404496244859
1404496842784
1404496869175
1404497466224
1404497492595
1404497492656
1404498098527
1404498125064
1404498125112
1404498721342
1404498747852
1404498747915
1404499351137
1404499377552
1404499974373
1404500000786
1404500592524
1404500618924
1404501209807
1404501236244
1404501828230
1404501854702
1404502449875
1404502476324
1404503072859
1404503099246
1404503694726
1404503721153
1404504311816
1404504338265
1404504934130
1404504960547
1404505550825
1404505577247
1404506169149
1404506195652
1404506791502
1404506817942
1404507412020
1404507438460
1404508030438
1404508056871
1404508649013
1404508675520
1404509269927
1404509296320
1404509892072
1404509918514
1404510513873
1404510540311
1404511136369
1404511162770
1404511754399
1404511780846
1404512403781
1404512430195
1404513060273
1404513086714
1404513723805
1404513750184
1404514383988
1404514410402
1404515044524
1404515070976
1404515697395
1404515738823
1404516352620
1404516379068
1404517027421
1404517066369
1404517686352
1404517712807
1404518356164
1404518382587
1404518992439
1404519018886
1404519647254
1404519673692
1404520285488
1404520311916
1404520944183
1404520970602
1404521599688
1404521626125
1404522270192
1404522296687
1404522908076
1404522934452
1404523555452
1404523581876
1404524209454
1404524235910
1404524853778
1404524880285
1404525598197
1404525624621
1404525635553
1404526316359
1404526342764
1404527062874
1404527089331
1404527100339
1404527776067
1404527802462
1404527813413
1404528473520
1404528499900
1404529216934
1404529243444
1404529942777
1404529982155
1404529993253
1404530655157
1404530681540
1404530692607
1404531393526
1404531419920
1404531430895
1404532123363
1404532149780
1404532160618
1404532826874
1404532853269
1404532863977
1404533564085
1404533590472
1404533601440
1404534267280
1404534293666
1404534968705
1404534995068
1404535006136
1404535726805
1404535753231
1404535764382
1404536434483
1404536460907
1404536471504
1404537216716
1404537243162
1404537254254
1404537910926
1404537937294
1404537948483
1404538644735
1404538671118
1404539397479
1404539423927
1404539434969
1404540206836
1404540233231
1404541063801
1404541090197
1404541100749
1404541958854
1404542000325
1404542010862
1404542812977
1404542854476
1404542865243
1404543736787
1404543763198
1404544624837
1404544651267
1404545410230
1404545436710
1404545447491
1404546217353
1404546243783
1404547085203
1404547111715
1404547902106
1404547928526
1404548737761
1404548774540
1404549503321
1404549529698
1404550406275
1404550457850
1404550468378
1404551258189
1404551295094
1404552071810
1404552098235
1404552108866
1404552870269
1404552939584
1404552949841
1404553742342
1404553768711
1404554538638
1404554578120
1404554588474
1404555446932
1404555478518
1404555489169
1404556271472
1404556297982
1404557223274
1404557300932
1404557311529
1404558247617
1404558314116
1404558324630
1404559296817
1404559352561
1404560226918
1404560285368
1404561281951
1404561319984
1404562255075
1404562318119
1404562328704
1404563261251
1404563304654
1404563315190
1404564254769
1404564297318
1404564307983
1404565240611
1404565288494
1404566179444
1404566247678
1404566258360
1404567291225
1404567346924
1404567357389
1404568380202
1404568447567
1404568458192
1404569425359
1404569484007
1404569494885
1404570401661
1404570444068
1404571438699
1404571516777
1404571527299
1404572401415
1404572438846
1404573383964
1404573426473
1404573436657
1404574280929
1404574338600
1404575426588
1404575484471
1404576457857
1404576538010
1404576548739
1404719815645
1404719841981
1404720634947
1404720666533
1404721429718
1404721468668
1404721479279
1404722276543
1404722302854
1404723056966
1404723083258
1404723929255
1404723955521
1404724708762
1404724755327
1404725571915
1404725615242
1404725625981
1404729118979
1404732013358
1404732061501
1404732072573
1404734378087
1404734404564
1404734415445
1404735249857
1404735298484
1404735309019
1404736059532
1404736096052
1404736900360
1404736926841
1404737730421
1404737756837
1404738534150
1404738572577
1404738583085
1404739389510
1404739415902
1404740223032
1404740249352
1404741051954
1404741121408
1404741132080
1404741916126
1404741942481
1404741953299
1404744687599
1404744714063
1404745550158
1404745576586
1404745587370
1404746389902
1404746416338
1404747227470
1404747253891
1404748090186
1404748116667
1404748127533
1404805764877
1404805803953
1404805815166
1404806557932
1404806584345
1404807365876
1404807402395
1404808244900
1404808271257
1404814022762
1404814049196
1404837273022
1404837300348
1404837300405
1404837904201
1404837931555
1404837931614
1404838537652
1404838564964
1404838565023
1404839170521
1404839197923
1404839197976
1404839803359
1404839830701
1404839830759
1404840436300
1404840463674
1404840463734
1404841068969
1404841096330
1404841096387
1404841704871
1404841732218
1404841732278
1404842340104
1404842367466
1404842367523
1404842976055
1404843003401
1404843003454
1404843602791
1404843630329
1404844229402
1404844257258
1404844848320
1404844875846
1404845467226
1404845494783
1404846088442
1404846115897
1404846707102
1404846734663
1404847326528
1404847354149
1404847948974
1404847976547
1404848580298
1404848608097
1404849200879
1404849228444
1404849833629
1404849862318
1404850502452
1404850530858
1404851135041
1404851163403
1404851814949
1404851843262
1404852479550
1404852507912
1404853117031
1404853145772
1404853768919
1404853797214
1404854423520
1404854452356
1404855061655
1404855090042
1404855696093
1404855724594
1404856390295
1404856429950
1404857065207
1404857095395
1404857738103
1404857768169
1404858455564
1404858485589
1404859154481
1404859194112
1404859868823
1404859898765
1404860598264
1404860627716
1404861260934
1404861290677
1404861925318
1404861955114
1404862601626
1404862631517
1404863398980
1404863435615
1404864117025
1404864148220
1404864852651
1404864883987
1404865555072
1404865585899
1404866287723
1404866324663
1404867043409
1404867080285
1404867783986
1404867828760
1404867839256
1404868540678
1404868571657
1404869250419
1404869281596
1404869956763
1404869993405
1404870766625
1404870804822
1404871566461
1404871603829
1404872413852
1404872451542
1404873189947
1404873235856
1404873246439
1404873989210
1404874027148
1404874839753
1404874883837
1404875607498
1404875653616
1404875664221
1404876464149
1404876522346
1404877338575
1404877382609
1404878217426
1404878260460
1404895076131
1404895103432
1404895704822
1404895732165
1404895732222
1404896332694
1404896360045
1404896360106
1404896963661
1404896990812
1404896990874
1404897588555
1404897615848
1404897615907
1404898218819
1404898246128
1404898246175
1404898852966
1404898879946
1404898879991
1404899487411
1404899514696
1404899514751
1404900123400
1404900150780
1404900150835
1404900759157
1404900786555
1404900786608
1404901403748
1404901431295
1404902026065
1404902053536
1404902644903
1404902672385
1404903266246
1404903293750
1404903888589
1404903927375
1404903938232
1404904522804
1404904550246
1404905146291
1404905173927
1404905766555
1404905794047
1404906391233
1404906418564
1404907012285
1404907039943
1404907643561
1404907672039
1404908276087
1404908304308
1404908910218
1404908938525
1404909559981
1404909588890
1404910191649
1404910219998
1404910841594
1404910869864
1404911500227
1404911528603
1404912136481
1404912164869
1404912784627
1404912813070
1404913428519
1404913456723
1404914101821
1404914131661
1404914832913
1404914863404
1404915502864
1404915533096
1404916179929
1404916209540
1404916863694
1404916901821
1404917533489
1404917563226
1404918227358
1404918257225
1404918925507
1404918955063
1404919593812
1404919623200
1404920278038
1404920307677
1404920981302
1404921012230
1404921696386
1404921733111
1404922441500
1404922478397
1404923226524
1404923263386
1404923915519
1404923952168
1404924638603
1404924669454
1404925367590
1404925399330
1404925410223
1404926148317
1404926179601
1404926871031
1404926907630
1404927640985
1404927672121
1404928437006
1404928474155
1404929285073
1404929322578
1404930154771
1404930200471
1404930211086
1404930973802
1404931011382
1404931738679
1404931776127
1404932564026
1404932615106
1404932625839
1404933388242
1404933425772
1404934202555
1404934240551
1404935069608
1404935107783
1404935899965
1404935951864
1404936599695
1404936627028
1404936627082
1404937232078
1404937259373
1404937259433
1404937863697
1404937891014
1404937891074
1404938494084
1404938521428
1404938521482
1404939126329
1404939153634
1404939153691
1404939758148
1404939785447
1404939785514
1404940393342
1404940420706
1404940420760
1404941030197
1404941057512
1404941057565
1404941662084
1404941689428
1404941689478
1404942294068
1404942321424
1404942321478
1404942937136
1404942964615
1404943556309
1404943584098
1404944182235
1404944209861
1404944801605
1404944829255
1404945420786
1404945448305
1404946039980
1404946067464
1404946658800
1404946686227
1404946696519
1404947277836
1404947305468
1404947897802
1404947925464
1404948517251
1404948544898
1404949150232
1404949178986
1404949788530
1404949816882
1404950420726
1404950449334
1404951060520
1404951089221
1404951698655
1404951727269
1404952343992
1404952372420
1404952982158
1404953010559
1404953620082
1404953648548
1404954257367
1404954285825
1404954893321
1404954921663
1404955572806
1404955602705
1404956239096
1404956268704
1404956914029
1404956943666
1404957604492
1404957633827
1404958292600
1404958322946
1404958984388
1404959014181
1404959645484
1404959675666
1404960302557
1404960332301
1404960973553
1404961003375
1404961640540
1404961670435
1404962357019
1404962393468
1404963100267
1404963136890
1404963850347
1404963881309
1404964587890
1404964618867
1404965344224
1404965375114
1404966032052
1404966063040
1404966786759
1404966838315
1404967556575
1404967593354
1404968298305
1404968343035
1404968353820
1404969046051
1404969077329
1404969869113
1404969905996
1404970657271
1404970695091
1404971430532
1404971473816
1404972298481
1404972341397
1404973089110
1404973132358
1404973909003
1404973947084
1404974687931
1404974731392
1404975500257
1404975537794
1404976314713
1404976351688
1404977125900
1404977169323
1404985336636
1404985363939
1404985363997
1404985970274
1404985997429
1404985997492
1404986591017
1404986618196
1404986618258
1404987221839
1404987249151
1404987249209
1404987854292
1404987881632
1404987881692
1404988480526
1404988507841
1404988507901
1404989119080
1404989146459
1404989146517
1404989756389
1404989783756
1404989783813
1404990394416
1404990421777
1404990421831
1404991033991
1404991061047
1404991061114
1404991651914
1404991679178
1404992275241
1404992302855
1404992896009
1404992923659
1404993527005
1404993554634
1404994145930
1404994173430
1404994764965
1404994792567
1404995401705
1404995429419
1404996020834
1404996048185
