1404306414772
1404307142178
1404307865218
1404308582085
1404309368423
1404311008895
1404311762482
1404312652072
1404313360651
1404315274566
1404316037227
1404316799877
1404317064411
1404317692664
1404372599222
1404374061499
1404375524025
1404376082371
1404377038548
1404377926811
1404380072769
1404380697741
1404381316069
1404381944409
1404382566095
1404383193243
1404383818408
1404384438653
1404385063802
1404385695931
1404386324047
1404386944301
1404387568546
1404388186291
1404388758689
1404389381030
1404390006334
1404390629721
1404391250672
1404391870504
1404392494944
1404393110083
1404393733410
1404394352662
1404394998538
1404395616096
1404396231088
1404396843604
1404397455922
1404398067054
1404398680689
1404399302495
1404399922623
1404400535420
1404401148798
1404401757610
1404402370334
1404402995978
1404403610558
1404404224004
1404404837636
1404405466567
1404406095988
1404406725788
1404407367027
1404407993657
1404408642662
1404409296560
1404409922362
1404410559403
1404411195068
1404411827333
1404412463942
1404413097214
1404413744427
1404414373389
1404415007063
1404415635811
1404416283653
1404416913343
1404417563578
1404418236650
1404418910488
1404419608821
1404420304397
1404421021379
1404421711540
1404422401286
1404423087052
1404423772512
1404424466919
1404425181981
1404425885602
1404426583860
1404427256263
1404427952817
1404428629621
1404429310374
1404429981381
1404430680333
1404431343021
1404432119364
1404432852408
1404433603264
1404434326660
1404435084363
1404435819241
1404436575182
1404437306864
1404438047442
1404438805472
1404439543716
1404440272437
1404441046821
1404441828131
1404442584602
1404443362028
1404444088338
1404444835438
1404445639453
1404446408363
1404447287514
1404448129965
1404448959025
1404449858326
1404450701699
1404451578977
1404452417581
1404453254446
1404454085148
1404454910225
1404455736013
1404456630038
1404457505348
1404458415493
1404459237710
1404487032428
1404487655219
1404488284902
1404488914182
1404489555907
1404490183607
1404490809525
1404491439694
1404492063603
1404492687389
1404493316892
1404493951082
1404494583750
1404495213289
1404495838207
1404496461957
1404497087965
1404497716763
1404498344107
1404498968783
1404499602888
1404500221113
1404500838289
1404501456556
1404502078672
1404502696410
1404503322765
1404503940769
1404504558730
1404505179269
1404505797879
1404506416045
1404507041107
1404507658638
1404508277122
1404508896295
1404509520634
1404510138620
1404510760658
1404511383059
1404512011142
1404512651709
1404513325351
1404513971127
1404514654062
1404515308192
1404515963063
1404516605084
1404517297619
1404517950255
1404518608496
1404519244968
1404519899525
1404520547826
1404521195608
1404521879970
1404522522868
1404523160582
1404523806533
1404524464568
1404525111350
1404525864848
1404526608207
1404527334969
1404528034711
1404528746033
1404529486772
1404530209156
1404530909229
1404531652050
1404532390524
1404533106705
1404533818218
1404534525448
1404535244469
1404535995832
1404536734908
1404537475846
1404538181506
1404538926165
1404539670586
1404540479951
1404541361942
1404542269442
1404543086691
1404544006122
1404544887148
1404545684282
1404546493498
1404547352356
1404548202841
1404549010168
1404549780032
1404550732688
1404551547372
1404552331446
1404553187766
1404554010163
1404554832114
1404555752525
1404556554955
1404557591629
1404558626660
1404559637757
1404560585945
1404561603238
1404562637682
1404563606795
1404564634959
1404565595409
1404566600311
1404567727016
1404568771970
1404569791150
1404570725790
1404571823039
1404572771244
1404573712428
1404574755684
1404575797859
1404719298203
1404720079474
1404720902927
1404721745310
1404722542126
1404723342955
1404724189448
1404725021584
1404725862645
1404731423678
1404733819864
1404734668885
1404735566395
1404736342482
1404737203629
1404738005787
1404738843267
1404739693249
1404740508459
1404741360071
1404744077096
1404744960805
1404745826277
1404746667010
1404747523612
1404748396835
1404805201989
1404806040783
1404806820927
1404807647517
1404813643399
1404814268064
1404836890641
1404837520427
1404838153648
1404838786456
1404839419052
1404840052342
1404840684848
1404841319080
1404841954337
1404842590316
1404843230181
1404843848756
1404844475179
1404845094298
1404845714932
1404846334231
1404846952973
1404847574172
1404848194698
1404848826051
1404849447868
1404850081418
1404850749972
1404851398557
1404852062468
1404852726537
1404853366475
1404854015944
1404854671035
1404855309122
1404855944497
1404856664846
1404857327123
1404857987379
1404858715017
1404859441915
1404860146182
1404860847848
1404861510643
1404862186668
1404862867564
1404863655778
1404864368793
1404865104435
1404865825094
1404866544943
1404867328265
1404868067758
1404868806713
1404869501448
1404870228207
1404871048660
1404871862954
1404872701148
1404873480579
1404874265960
1404875129030
1404875917744
1404876784178
1404877677000
1404894695265
1404895322701
1404895954641
1404896581158
1404897210556
1404897834090
1404898468287
1404899101851
1404899739659
1404900373456
1404901013096
1404901650580
1404902273445
1404902890060
1404903511990
1404904149545
1404904771199
1404905393015
1404906015515
1404906638776
1404907259091
1404907890712
1404908525586
1404909158436
1404909810450
1404910456052
1404911088739
1404911750454
1404912384454
1404913031714
1404913682146
1404914367587
1404915082200
1404915753902
1404916443971
1404917124812
1404917799278
1404918476802
1404919174515
1404919844689
1404920535354
1404921233525
1404921969554
1404922723975
1404923483991
1404924184522
1404924907443
1404925659078
1404926412286
1404927155437
1404927913078
1404928752968
1404929611795
1404930464546
1404931239999
1404932046708
1404932864744
1404933701821
1404934507755
1404935386611
1404936211985
1404936848618
1404937479969
1404938111944
1404938742310
1404939374448
1404940004902
1404940646232
1404941278195
1404941910707
1404942546478
1404943182998
1404943804465
1404944428187
1404945047876
1404945667091
1404946286007
1404946904909
1404947523878
1404948144075
1404948764546
1404949397670
1404950036108
1404950668193
1404951308043
1404951945935
1404952591549
1404953229411
1404953872252
1404954504385
1404955156444
1404955836938
1404956488941
1404957170984
1404957884048
1404958568523
1404959241226
1404959895981
1404960551910
1404961223031
1404961896713
1404962613952
1404963357916
1404964119525
1404964852409
1404965596138
1404966325988
1404967107837
1404967839493
1404968580383
1404969317113
1404970166002
1404970955228
1404971760470
1404972581113
1404973379335
1404974181289
1404974977448
1404975799642
1404976629522
1404984955490
1404985585886
1404986213783
1404986838879
1404987470399
1404988103214
1404988729218
1404989370629
1404990010606
1404990644721
1404991278286
1404991898280
1404992523245
1404993143773
1404993772962
1404994392436
1404995011104
1404995645609
1404996266890
