1404307665395
1404307692652
1404308382995
1404308409919
1404308420916
1404309085532
1404309117990
1404309921468
1404309948661
1404311540084
1404311566915
1404312299266
1404312326251
1404313158957
1404313185663
1404313913534
1404313940231
1404315836094
1404315862818
1404315873931
1404316573657
1404316600744
1404316611264
1404317496171
1404317523190
1404317523252
1404372402922
1404372429834
1404372429890
1404373864577
1404373891237
1404373891299
1404374944395
1404374971086
1404374971148
1404376842190
1404376869036
1404376880069
1404377734952
1404377761801
1404378347366
1404378374194
1404378374250
1404380504333
1404380531115
1404380531182
1404381121793
1404381148591
1404381148647
1404381749800
1404381776732
1404381787624
1404382371802
1404382398743
1404382409548
1404382997378
1404383024348
1404383024404
1404383624201
1404383651159
1404383662052
1404384246346
1404384273281
1404384284205
1404384867447
1404384894380
1404384894434
1404385492713
1404385519655
1404385519704
1404386129008
1404386155985
1404386156041
1404386750461
1404386777395
1404386777450
1404387376756
1404387403684
1404387403730
1404387990684
1404388017597
1404388028479
1404388563591
1404388590489
1404388590546
1404389187236
1404389214154
1404389225100
1404389808116
1404389835026
1404389835085
1404390433554
1404390460367
1404390460426
1404391055175
1404391082069
1404391082125
1404391676493
1404391703227
1404391703282
1404392296423
1404392323343
1404392334224
1404392912137
1404392938883
1404392949874
1404393531226
1404393558029
1404393569154
1404394154789
1404394181545
1404394192505
1404394778155
1404394804899
1404394817082
1404395419317
1404395446007
1404395457129
1404396033146
1404396059959
1404396070814
1404396646939
1404396673834
1404397259502
1404397286184
1404397870630
1404397897341
1404397908358
1404398483003
1404398509669
1404398520762
1404399099139
1404399125857
1404399137070
1404399725813
1404399752659
1404399763537
1404400338626
1404400365560
1404400376370
1404400951668
1404400978597
1404400989392
1404401565891
1404401592837
1404401603675
1404402173298
1404402200243
1404402210968
1404402799012
1404402825940
1404402836799
1404403413104
1404403440043
1404403450924
1404404026965
1404404053885
1404404064732
1404404639844
1404404666781
1404404677678
1404405269200
1404405296139
1404405898100
1404405925023
1404406527733
1404406554644
1404407157362
1404407184293
1404407795835
1404407822795
1404408431482
1404408458408
1404409099190
1404409126133
1404409724818
1404409751758
1404410353794
1404410380720
1404410985434
1404411012372
1404411629558
1404411656478
1404412261509
1404412288436
1404412895757
1404412922690
1404413546307
1404413573227
1404414175862
1404414202800
1404414809160
1404414836084
1404415437558
1404415464522
1404416085635
1404416112546
1404416715589
1404416742604
1404417351217
1404417378141
1404418037462
1404418064416
1404418075447
1404418698926
1404418739065
1404419398126
1404419425111
1404419436068
1404420080825
1404420120860
1404420808442
1404420835388
1404421511959
1404421538876
1404421549785
1404422187626
1404422214573
1404422225425
1404422872514
1404422899462
1404423560067
1404423586992
1404424263293
1404424290279
1404424982444
1404425009380
1404425669183
1404425696115
1404426371280
1404426411395
1404427039417
1404427066329
1404427721147
1404427748223
1404428425654
1404428452593
1404429111446
1404429138386
1404429149295
1404429781817
1404429808882
1404430467808
1404430507949
1404431142170
1404431169130
1404431180065
1404431914202
1404431941164
1404431951910
1404432640056
1404432666990
1404432677719
1404433402427
1404433429370
1404433439960
1404434112978
1404434153222
1404434164066
1404434881646
1404434908578
1404434919129
1404435612213
1404435639142
1404436359157
1404436386089
1404436396806
1404437104103
1404437131040
1404437833369
1404437860335
1404437871009
1404438572239
1404438614446
1404438625065
1404439337793
1404439364718
1404439375184
1404440069939
1404440096875
1404440802095
1404440829051
1404440839499
1404441612512
1404441639441
1404441650121
1404442370459
1404442410656
1404442421595
1404443145463
1404443172379
1404443885293
1404443912311
1404444613873
1404444656060
1404444667019
1404445438550
1404445465487
1404445476317
1404446186291
1404446213289
1404447047762
1404447093939
1404447893860
1404447926301
1404448702627
1404448750633
1404449595334
1404449642915
1404450438447
1404450471224
1404451311264
1404451364648
1404452149194
1404452196925
1404453014819
1404453047780
1404453831066
1404453869154
1404454674398
1404454712629
1404454723434
1404455485842
1404455518862
1404456381426
1404456419831
1404456430493
1404457270451
1404457309440
1404458129897
1404458167925
1404458994969
1404459033394
1404487460524
1404487487334
1404487487393
1404488087610
1404488114471
1404488114528
1404488715409
1404488742320
1404488742377
1404489359387
1404489386279
1404489386335
1404489988343
1404490015233
1404490026127
1404490614315
1404490641179
1404490652045
1404491243334
1404491270173
1404491270225
1404491869965
1404491896803
1404491907562
1404492492401
1404492519276
1404492519339
1404493119671
1404493146492
1404493146546
1404493752756
1404493779579
1404493779630
1404494387257
1404494414083
1404494414141
1404495014791
1404495041689
1404495052555
1404495641518
1404495668426
1404495668476
1404496268394
1404496295278
1404496306108
1404496890920
1404496917893
1404496917950
1404497515893
1404497542779
1404497542840
1404498148773
1404498175666
1404498175713
1404498771473
1404498798313
1404498798375
1404499399332
1404499426246
1404499426301
1404500022600
1404500049509
1404500640794
1404500667634
1404501257954
1404501284829
1404501876503
1404501903312
1404502498169
1404502524977
1404503121119
1404503148005
1404503158888
1404503742858
1404503769786
1404503780499
1404504360154
1404504387056
1404504397854
1404504982402
1404505009241
1404505020112
1404505599071
1404505626049
1404505636867
1404506217480
1404506244396
1404506255247
1404506839776
1404506866638
1404506877537
1404507460294
1404507487172
1404507498080
1404508078696
1404508105594
1404508116430
1404508697388
1404508724223
1404508735094
1404509318139
1404509344972
1404509355717
1404509940173
1404509967149
1404509977930
1404510561972
1404510588822
1404511184571
1404511211414
1404511222366
1404511802667
1404511829578
1404511840391
1404512451955
1404512478835
1404513108556
1404513135422
1404513771951
1404513798800
1404514432196
1404514459095
1404515092780
1404515119692
1404515760648
1404515787470
1404516400921
1404516427759
1404517088195
1404517115092
1404517734667
1404517761494
1404518404388
1404518431291
1404519040596
1404519067470
1404519695383
1404519722239
1404520333775
1404520360613
1404520992491
1404521019401
1404521647793
1404521674630
1404522318528
1404522345416
1404522956343
1404522983167
1404523603786
1404523630634
1404524257718
1404524284609
1404524902115
1404524928989
1404525646490
1404525673365
1404526364438
1404526391293
1404526402393
1404527111133
1404527138025
1404527824295
1404527851146
1404528521702
1404528548506
1404529265251
1404529292099
1404530003967
1404530030928
1404530703390
1404530730274
1404530741403
1404531441600
1404531468448
1404531479394
1404532171658
1404532211468
1404532875145
1404532917071
1404533612235
1404533639100
1404534315407
1404534342272
1404535016847
1404535043713
1404535775024
1404535801935
1404535812868
1404536482636
1404536522488
1404537264974
1404537291801
1404537959153
1404537999048
1404538692950
1404538719842
1404538730800
1404539445705
1404539485550
1404540256815
1404540283731
1404540294652
1404541112061
1404541139033
1404542022186
1404542049096
1404542059977
1404542876220
1404542903090
1404542913927
1404543786549
1404543813442
1404544674795
1404544701656
1404544712282
1404545458630
1404545498332
1404545509140
1404546267394
1404546294254
1404547135351
1404547162285
1404547173079
1404547952056
1404547978958
1404548798124
1404548825042
1404548835858
1404549552960
1404549579783
1404549590603
1404550479685
1404550519513
1404550530435
1404551318475
1404551345379
1404551356041
1404552119911
1404552146818
1404552157636
1404552961489
1404552988390
1404553792264
1404553819151
1404554600116
1404554626970
1404554637677
1404555500268
1404555532283
1404556321709
1404556348609
1404556359089
1404557322846
1404557360733
1404558335931
1404558380656
1404558391361
1404559378344
1404559421093
1404560312109
1404560369320
1404560380103
1404561343549
1404561383184
1404561393744
1404562340026
1404562395834
1404562406393
1404563326561
1404563384055
1404563394634
1404564319109
1404564371704
1404565312194
1404565354995
1404566273052
1404566321768
1404566332307
1404567368847
1404567431365
1404567441937
1404568469389
1404568527257
1404568537917
1404569505758
1404569557798
1404569568282
1404570467635
1404570515635
1404570526111
1404571538647
1404571576334
1404572462187
1404572538138
1404572549012
1404573448311
1404573490903
1404574361759
1404574427411
1404574437762
1404575507656
1404575572760
1404575583607
1404576559868
1404576635690
1404719864800
1404719891483
1404720689648
1404720716452
1404720727403
1404721490644
1404721517493
1404721528307
1404722325785
1404722352580
1404723106709
1404723133332
1404723144345
1404723978687
1404724005467
1404724016129
1404724777894
1404724816772
1404725637630
1404725676741
1404725687386
1404731194234
1404731233158
1404731244248
1404732083677
1404732121695
1404734426297
1404734453199
1404734464169
1404735320708
1404735347551
1404736119037
1404736145839
1404736156953
1404736950503
1404736990531
1404737779088
1404737805934
1404737817060
1404738594552
1404738626461
1404739439591
1404739466398
1404740272308
1404740299083
1404741146950
1404741179002
1404741964783
1404742003769
1404742014706
1404744737676
1404744764468
1404744775078
1404745598327
1404745636828
1404746439807
1404746466548
1404746477317
1404747277284
1404747304115
1404748138406
1404748177533
1404748188379
1404805826125
1404805853000
1404806607686
1404806634499
1404807425249
1404807451972
1404807462588
1404808297769
1404808337244
1404808348296
1404814071183
1404814098059
1404814109104
1404837323088
1404837350435
1404837350490
1404837954402
1404837981803
1404837981860
1404838587626
1404838614994
1404838615051
1404839220363
1404839247705
1404839247763
1404839853428
1404839880735
1404839880788
1404840486280
1404840513606
1404840513666
1404841119227
1404841146613
1404841146667
1404841755206
1404841782556
1404841782610
1404842390390
1404842417796
1404842417850
1404843026244
1404843053583
1404843053635
1404843651145
1404843678720
1404843689020
1404844277739
1404844305324
1404844315691
1404844896754
1404844924330
1404845515576
1404845543076
1404845553566
1404846136626
1404846164261
1404846755501
1404846783028
1404846793410
1404847376742
1404847404264
1404847997251
1404848024947
1404848628705
1404848656376
1404848666756
1404849249051
1404849276696
1404849287165
1404849882126
1404849910791
1404850550913
1404850579154
1404851183369
1404851212100
1404851863332
1404851891889
1404852528007
1404852556388
1404853165660
1404853194439
1404853817342
1404853845783
1404854471924
1404854500420
1404855110047
1404855138515
1404855744499
1404855773135
1404856451570
1404856481575
1404857113928
1404857144158
1404857786682
1404857816510
1404858504278
1404858534186
1404859215861
1404859245803
1404859917558
1404859957621
1404860646765
1404860676459
1404861309450
1404861338985
1404861973810
1404862003276
1404862650369
1404862679922
1404863453344
1404863484718
1404864165932
1404864197269
1404864901570
1404864932415
1404865603949
1404865649236
1404865659921
1404866342191
1404866373372
1404867098063
1404867129696
1404867850381
1404867881364
1404868590877
1404868622055
1404869299341
1404869330501
1404870011214
1404870042894
1404870822266
1404870859809
1404871621392
1404871659223
1404872469225
1404872507604
1404873257530
1404873295765
1404874044552
1404874081770
1404874901355
1404874939239
1404875675221
1404875713240
1404876539972
1404876577608
1404877400325
1404877447821
1404878278249
1404878316340
1404895124439
1404895151792
1404895151850
1404895755181
1404895782541
1404895782595
1404896382389
1404896409683
1404896409739
1404897013498
1404897040790
1404897040841
1404897637517
1404897664804
1404897664869
1404898268976
1404898296312
1404898296366
1404898901412
1404898928631
1404898928703
1404899537055
1404899564433
1404899564491
1404900173687
1404900201108
1404900201163
1404900809562
1404900836900
1404900836958
1404901452268
1404901479846
1404901490346
1404902074792
1404902102400
1404902692947
1404902720390
1404902730958
1404903314393
1404903341877
1404903352229
1404903949194
1404903976727
1404904571472
1404904598880
1404904609698
1404905194926
1404905222348
1404905232751
1404905815304
1404905842844
1404906440432
1404906467767
1404906478250
1404907060585
1404907088195
1404907098690
1404907691956
1404907720103
1404908325375
1404908353729
1404908958702
1404908987134
1404909608450
1404909636831
1404910240002
1404910268792
1404910890050
1404910918448
1404911550281
1404911578400
1404912185076
1404912213555
1404912832959
1404912861429
1404913481349
1404913509394
1404914150526
1404914180677
1404914881716
1404914911789
1404915552422
1404915582552
1404916228645
1404916258690
1404916924291
1404916953538
1404917581911
1404917611203
1404918276112
1404918305353
1404918974130
1404919004183
1404919643615
1404919673851
1404920326670
1404920356689
1404921029876
1404921061542
1404921754592
1404921786108
1404922495824
1404922527286
1404923281100
1404923311305
1404923969982
1404924009403
1404924020349
1404924687452
1404924718600
1404925421150
1404925452096
1404926197224
1404926228526
1404926925186
1404926955780
1404927689749
1404927720890
1404928491514
1404928529156
1404929339917
1404929378473
1404929389059
1404930222371
1404930265510
1404931028931
1404931066890
1404931793710
1404931825911
1404931836354
1404932636896
1404932675078
1404933443347
1404933481116
1404934258082
1404934295868
1404935125399
1404935178747
1404935969447
1404936021714
1404936649825
1404936677161
1404936677216
1404937282038
1404937309449
1404937309521
1404937913430
1404937940721
1404937940776
1404938544181
1404938571513
1404939176332
1404939203669
1404939203730
1404939808219
1404939835507
1404939835566
1404940447264
1404940474594
1404940474651
1404941080290
1404941107608
1404941107657
1404941712147
1404941739494
1404941739548
1404942344017
1404942371336
1404942371395
1404942985318
1404943012950
1404943023347
1404943604769
1404943632355
1404943642804
1404944230532
1404944257940
1404944268308
1404944850044
1404944877556
1404944888003
1404945469041
1404945496572
1404945507014
1404946088182
1404946115869
1404946707120
1404946734533
1404946744897
1404947326083
1404947353695
1404947364128
1404947946206
1404947973673
1404948565716
1404948593313
1404948603645
1404949198741
1404949227299
1404949836825
1404949865198
1404950469203
1404950497961
1404951108959
1404951137418
1404951747096
1404951775563
1404952392537
1404952420925
1404953030325
1404953058985
1404953668636
1404953696971
1404954305918
1404954334241
1404954941857
1404954970451
1404955621581
1404955651358
1404956287622
1404956317430
1404956966567
1404956996272
1404957653173
1404957683500
1404958341366
1404958371256
1404959038014
1404959067635
1404959694248
1404959723670
1404960351252
1404960381064
1404961022118
1404961051791
1404961689174
1404961719415
1404962411251
1404962442400
1404963155619
1404963186062
1404963899354
1404963930022
1404964636752
1404964667887
1404965393115
1404965424080
1404966080992
1404966120864
1404966131785
1404966856012
1404966895680
1404966906323
1404967610997
1404967642113
1404968364892
1404968396081
1404969094956
1404969134720
1404969145275
1404969923749
1404969961575
1404970712723
1404970756122
1404971491390
1404971560404
1404971571333
1404972363948
1404972402188
1404973151119
1404973198794
1404973964742
1404974002633
1404974748925
1404974794430
1404975555405
1404975593523
1404976369381
1404976415256
1404976425757
1404977187112
1404977224542
1404985386934
1404985414272
1404985414326
1404986019282
1404986046418
1404986057014
1404986640793
1404986668180
1404986668240
1404987271889
1404987299259
1404987904563
1404987932001
1404987932058
1404988529878
1404988557220
1404988557280
1404989169279
1404989196643
1404989196701
1404989810771
1404989838190
1404989838245
1404990444800
1404990472174
1404990472228
1404991083278
1404991110419
1404991110476
1404991700093
1404991727751
1404992323617
1404992351282
1404992944243
1404992971844
1404992982536
1404993575241
1404993603008
1404994194235
1404994221967
1404994232283
1404994813301
1404994840955
1404994851303
1404995450008
1404995477814
1404996069115
1404996096686
