1404307200415
1404307250220
1404307261183
1404307919337
1404307965517
1404308635964
1404308667054
1404309422946
1404309459571
1404311063660
1404311107675
1404311817187
1404311860447
1404312705413
1404312741511
1404313413802
1404313464817
1404315358995
1404315406763
1404315417852
1404316094740
1404316131576
1404316142151
1404316857687
1404316904697
1404316915531
1404317110718
1404317134146
1404317134200
1404317739082
1404317762426
1404317773167
1404372643898
1404372667238
1404372677963
1404374106926
1404374130072
1404374130118
1404375569576
1404375592728
1404375592789
1404376127770
1404376151012
1404376161644
1404377083943
1404377107218
1404377971202
1404377994393
1404377994454
1404380118121
1404380141463
1404380141519
1404380743252
1404380766433
1404380777250
1404381362254
1404381385607
1404381396221
1404381988646
1404382011997
1404382012055
1404382610402
1404382633740
1404382633799
1404383239530
1404383262883
1404383262937
1404383864819
1404383888156
1404383888208
1404384484947
1404384508311
1404384519003
1404385110309
1404385133707
1404385133760
1404385742170
1404385765521
1404385765582
1404386370374
1404386393707
1404386404406
1404386988625
1404387011984
1404387012037
1404387614909
1404387638302
1404387638362
1404388231873
1404388255074
1404388255128
1404388804062
1404388827304
1404388838048
1404389427395
1404389450730
1404389450785
1404390052822
1404390076047
1404390076102
1404390675117
1404390698373
1404390698428
1404391296721
1404391320114
1404391320168
1404391916637
1404391939963
1404391940017
1404392539999
1404392563186
1404392574145
1404393156146
1404393179471
1404393190195
1404393779462
1404393802733
1404393813893
1404394398182
1404394421324
1404394432036
1404395044624
1404395067917
1404395079031
1404395661841
1404395684964
1404395695707
1404396276834
1404396300061
1404396310579
1404396889594
1404396912873
1404396923565
1404397500758
1404397523898
1404397534658
1404398112710
1404398135949
1404398146684
1404398726363
1404398749594
1404398760222
1404399348055
1404399371127
1404399968805
1404399992149
1404400002817
1404400581727
1404400605055
1404400615713
1404401196248
1404401219596
1404401230452
1404401803932
1404401827278
1404401837718
1404402416710
1404402440038
1404402450746
1404403042224
1404403065637
1404403076196
1404403656974
1404403680376
1404404270235
1404404293577
1404404304220
1404404890032
1404404913369
1404405518739
1404405547706
1404406147992
1404406176513
1404406777973
1404406806692
1404407418888
1404407447625
1404408046418
1404408069745
1404408706011
1404408735137
1404409348564
1404409371906
1404409974274
1404410002995
1404410611457
1404410634875
1404411251777
1404411280446
1404411879373
1404411908337
1404412516287
1404412545017
1404413149257
1404413177801
1404413796809
1404413825509
1404414428343
1404414456804
1404414467337
1404415058909
1404415082309
1404415687990
1404415716771
1404416335747
1404416364467
1404416965473
1404416994020
1404417616420
1404417646349
1404418289842
1404418319140
1404418963832
1404418993653
1404419662012
1404419692209
1404420357426
1404420400867
1404420411444
1404421080256
1404421110017
1404421765473
1404421795308
1404422467836
1404422498081
1404423140254
1404423170133
1404423825951
1404423861087
1404424552497
1404424582122
1404425250088
1404425279714
1404425938665
1404425983742
1404426636726
1404426666322
1404427309485
1404427339400
1404428007654
1404428037826
1404428682879
1404428712744
1404429363397
1404429393033
1404430034450
1404430064281
1404430733772
1404430763674
1404431423594
1404431475168
1404432173333
1404432204504
1404432907023
1404432971477
1404432982083
1404433658269
1404433703907
1404434381402
1404434432898
1404435150461
1404435195650
1404435874114
1404435911008
1404435921523
1404436648077
1404436679584
1404437381566
1404437412157
1404438102195
1404438154045
1404438860008
1404438891633
1404439611718
1404439648444
1404440327019
1404440358333
1404441114622
1404441151359
1404441882754
1404441919873
1404441930547
1404442657415
1404442693919
1404443420934
1404443471956
1404444143209
1404444187877
1404444893290
1404444937813
1404444948037
1404445699783
1404445731504
1404446470042
1404446508412
1404447349506
1404447388384
1404448186295
1404448234439
1404449023128
1404449060965
1404449925397
1404449971550
1404450771003
1404450803646
1404451640297
1404451687107
1404451697770
1404452489623
1404452522642
1404453309803
1404453353432
1404454156533
1404454194935
1404454971649
1404455009636
1404455812822
1404455866382
1404456696987
1404456734532
1404457594943
1404457633610
1404458472044
1404458518123
1404459297966
1404487078629
1404487101896
1404487101951
1404487701578
1404487724933
1404487724999
1404488331226
1404488354598
1404488354654
1404488960499
1404488983740
1404488983792
1404489602091
1404489625367
1404489636092
1404490228322
1404490251676
1404490251734
1404490856079
1404490879327
1404490879378
1404491485992
1404491509351
1404491509405
1404492108406
1404492131758
1404492131813
1404492733856
1404492757161
1404492757215
1404493363303
1404493386500
1404493386554
1404493997338
1404494020599
1404494020658
1404494630318
1404494653602
1404494653659
1404495259330
1404495282620
1404495282679
1404495884564
1404495907864
1404495918501
1404496508533
1404496531842
1404496531898
1404497134304
1404497157579
1404497168191
1404497761520
1404497784769
1404497784820
1404498388928
1404498412203
1404498412262
1404499015119
1404499038390
1404499038447
1404499649288
1404499672581
1404499683168
1404500267493
1404500290811
1404500301465
1404500884863
1404500908147
1404500918878
1404501502903
1404501526181
1404501536828
1404502124968
1404502148281
1404502158859
1404502742780
1404502766070
1404502776816
1404503369375
1404503392744
1404503403346
1404503986820
1404504010055
1404504020691
1404504608979
1404504632325
1404504642877
1404505225598
1404505248925
1404505259450
1404505844059
1404505867376
1404505878092
1404506462558
1404506485867
1404506496434
1404507087495
1404507110732
1404507121392
1404507705213
1404507728576
1404507739117
1404508323654
1404508346974
1404508357439
1404508942802
1404508966029
1404508976676
1404509566971
1404509590294
1404509600799
1404510185034
1404510208308
1404510218811
1404510811257
1404510834571
1404510845291
1404511429200
1404511452432
1404511463074
1404512066727
1404512100364
1404512111006
1404512708920
1404512737604
1404513382347
1404513405643
1404514046690
1404514080367
1404514090956
1404514710835
1404514739227
1404515360251
1404515393733
1404515404094
1404516018595
1404516047102
1404516669368
1404516710859
1404516721461
1404517349576
1404517383337
1404517393743
1404518005318
1404518049262
1404518663964
1404518687277
1404519300390
1404519328997
1404519951751
1404519980209
1404520604635
1404520638466
1404521252937
1404521281376
1404521932007
1404521960544
1404522574450
1404522602931
1404523221287
1404523249894
1404523861708
1404523890122
1404524516470
1404524550143
1404524560666
1404525190075
1404525230438
1404525240606
1404525922440
1404525957354
1404526666116
1404526706222
1404526716531
1404527398413
1404527438198
1404528096267
1404528130718
1404528803987
1404528863596
1404529548157
1404529587794
1404529598539
1404530272247
1404530306839
1404530317524
1404530987581
1404531027279
1404531710150
1404531754543
1404532448518
1404532488156
1404532498771
1404533175544
1404533210408
1404533876147
1404533915769
1404533926290
1404534583756
1404534633734
1404535306285
1404535356172
1404536067479
1404536102302
1404536793369
1404536860827
1404536871374
1404537548994
1404537584036
1404538255711
1404538291005
1404538984364
1404539019296
1404539746403
1404539797408
1404540564720
1404540626413
1404541439439
1404541495640
1404542343769
1404542405003
1404543186258
1404543242851
1404544081674
1404544142684
1404544153089
1404544951004
1404545002821
1404545748716
1404545790872
1404546568422
1404546609228
1404546619923
1404547432120
1404547488581
1404548285828
1404548347585
1404548358284
1404549075125
1404549111258
1404549872510
1404549914181
1404549924595
1404550816207
1404550857883
1404551615460
1404551676733
1404551687410
1404552411970
1404552453915
1404553250498
1404553291626
1404553302197
1404554075014
1404554111072
1404554920383
1404554962169
1404555817248
1404555872794
1404555883224
1404556642240
1404556685209
1404557688454
1404557751139
1404557761839
1404558695880
1404558773433
1404558784067
1404559712816
1404559760871
1404560657577
1404560738592
1404560749100
1404561695099
1404561747602
1404561757734
1404562704118
1404562779764
1404562790556
1404563700773
1404563770553
1404563781074
1404564715968
1404564759585
1404565685099
1404565727290
1404566700113
1404566762564
1404567796427
1404567839438
1404568857599
1404568935696
1404568946470
1404569860887
1404569908800
1404570810340
1404570901110
1404570911500
1404571889462
1404571938023
1404571948555
1404572840673
1404572903423
1404572913974
1404573805323
1404573847570
1404573858092
1404574831929
1404574880217
1404575873976
1404575933122
1404575943646
1404719361632
1404719402351
1404720154090
1404720220420
1404720966834
1404721002824
1404721815616
1404721871617
1404722600619
1404722641858
1404723435847
1404723477224
1404723491794
1404724257507
1404724298316
1404724308952
1404725085635
1404725126347
1404725137962
1404725973303
1404726059387
1404726070263
1404731512025
1404731568170
1404733896839
1404733938026
1404734739249
1404734781081
1404735629238
1404735670799
1404736426116
1404736468300
1404737268439
1404737304282
1404738073870
1404738109699
1404738922714
1404738963652
1404739757196
1404739797797
1404739808556
1404740571774
1404740608069
1404741423924
1404741464538
1404741475325
1404744195479
1404744241579
1404745043914
1404745094608
1404745105283
1404745891051
1404745932234
1404746731148
1404746805316
1404746815825
1404747596885
1404747652776
1404748460223
1404748501381
1404805265538
1404805325848
1404805336743
1404806145026
1404806180939
1404806879224
1404806920004
1404807742209
1404807783421
1404813689897
1404813713204
1404813713263
1404814314207
1404814337545
1404814337602
1404836935988
1404836963324
1404836963383
1404837566997
1404837594352
1404837594406
1404838200119
1404838227469
1404838227524
1404838833026
1404838860386
1404838860440
1404839465395
1404839492805
1404839492863
1404840098858
1404840126185
1404840126243
1404840731196
1404840758576
1404840758635
1404841365718
1404841393074
1404841393134
1404842001012
1404842028409
1404842028463
1404842636944
1404842664325
1404842664380
1404843275427
1404843303002
1404843894069
1404843921658
1404844520645
1404844548147
1404845139586
1404845167256
1404845760329
1404845788000
1404846379589
1404846407128
1404846998231
1404847025893
1404847619445
1404847647070
1404848240079
1404848267743
1404848871443
1404848899082
1404849499247
1404849532767
1404850133143
1404850166749
1404850800892
1404850829168
1404851449960
1404851483419
1404852113868
1404852147418
1404852778161
1404852811549
1404853417937
1404853451566
1404854082411
1404854118888
1404854129419
1404854722151
1404854755595
1404855360205
1404855393744
1404856008452
1404856043505
1404856717436
1404856751988
1404857380062
1404857415160
1404858056083
1404858090881
1404858767841
1404858802569
1404859494532
1404859529433
1404860198638
1404860248651
1404860900521
1404860935308
1404861563060
1404861597919
1404862251390
1404862286201
1404862936487
1404862988175
1404863709798
1404863745650
1404864437308
1404864481415
1404864492052
1404865161934
1404865198480
1404865879083
1404865914900
1404866598629
1404866634843
1404867394277
1404867429953
1404868122714
1404868158809
1404868860896
1404868903189
1404869570880
1404869607486
1404870288004
1404870331350
1404871104016
1404871161967
1404871918995
1404871986889
1404871997405
1404872756718
1404872795054
1404873536685
1404873594649
1404874342447
1404874380378
1404875184063
1404875222809
1404875983337
1404876044546
1404876055367
1404876852518
1404876904121
1404876914814
1404877737669
1404877784525
1404877795150
1404894741165
1404894768444
1404894768510
1404895368087
1404895395325
1404895395374
1404895999840
1404896026872
1404896026927
1404896628467
1404896655825
1404896655883
1404897256079
1404897283263
1404897283327
1404897880416
1404897907764
1404897907819
1404898514821
1404898542244
1404898542298
1404899148118
1404899175342
1404899175402
1404899785744
1404899813047
1404899813106
1404900420215
1404900447578
1404900447633
1404901058280
1404901086015
1404901695934
1404901723382
1404902318579
1404902346113
1404902935241
1404902962785
1404903561878
1404903589410
1404904195036
1404904222268
1404904816563
1404904843992
1404905438358
1404905465670
1404906062381
1404906089786
1404906684335
1404906711730
1404907310211
1404907343735
1404907942228
1404907970886
1404907981417
1404908576854
1404908610466
1404909209512
1404909258346
1404909862207
1404909890099
1404910507798
1404910541273
1404911154745
1404911188258
1404911801764
1404911835114
1404912435305
1404912468563
1404913082644
1404913116114
1404913734798
1404913777025
1404913787804
1404914435113
1404914484941
1404915146734
1404915181443
1404915806678
1404915841542
1404916497004
1404916531678
1404917177924
1404917212908
1404917851962
1404917886307
1404918543844
1404918578796
1404919227469
1404919262586
1404919897789
1404919954709
1404919965535
1404920589061
1404920624939
1404921287034
1404921328767
1404922038216
1404922074724
1404922777679
1404922813684
1404923538118
1404923575014
1404924238089
1404924282288
1404924292796
1404924966590
1404925010636
1404925021099
1404925728555
1404925765813
1404926466808
1404926503720
1404927223269
1404927260139
1404927972425
1404928009621
1404928825960
1404928878360
1404929672484
1404929723170
1404929733945
1404930520011
1404930557535
1404931315389
1404931368339
1404932107553
1404932153099
1404932163479
1404932920246
1404932970895
1404932981273
1404933763174
1404933806477
1404934563947
1404934624699
1404934635143
1404935460293
1404935513374
1404935524165
1404936258229
1404936285604
1404936285656
1404936895097
1404936922444
1404936922497
1404937526384
1404937553677
1404937553732
1404938158340
1404938185663
1404938185712
1404938788976
1404938816300
1404938816359
1404939420861
1404939448213
1404939448268
1404940051143
1404940078456
1404940078510
1404940692516
1404940719907
1404940719964
1404941324690
1404941352044
1404941352103
1404941956891
1404941984273
1404941984334
1404942591756
1404942628042
1404942639066
1404943228273
1404943255796
1404943849889
1404943877406
1404944473604
1404944501138
1404945093048
1404945120576
1404945712306
1404945739903
1404946331262
1404946358948
1404946950342
1404946977915
1404947570032
1404947597695
1404948189480
1404948216971
1404948815653
1404948849156
1404949449217
1404949482653
1404950087127
1404950115406
1404950719456
1404950755577
1404950766088
1404951359201
1404951392754
1404951996949
1404952030734
1404952642520
1404952671126
1404952681742
1404953280600
1404953314388
1404953923393
1404953956945
1404954555407
1404954589237
1404955218428
1404955253353
1404955889606
1404955924273
1404956547997
1404956582543
1404957238341
1404957281083
1404957291662
1404957936566
1404957971759
1404958620680
1404958665470
1404958676138
1404959293788
1404959328242
1404959948588
1404959983635
1404960604575
1404960639461
1404961275561
1404961310222
1404961949659
1404961986202
1404962687117
1404962723175
1404963412576
1404963454242
1404964178581
1404964214242
1404964921374
1404964980841
1404964991529
1404965655018
1404965691539
1404966394541
1404966430984
1404967161958
1404967198140
1404967905854
1404967942040
1404968661284
1404968702998
1404969385901
1404969442258
1404969453245
1404970226490
1404970269503
1404971011603
1404971054777
1404971828153
1404971881614
1404971892257
1404972636015
1404972678825
1404973452513
1404973495032
1404974236679
1404974302777
1404974313601
1404975033448
1404975086604
1404975875983
1404975918609
1404976696568
1404976734160
1404976744700
1404985001359
1404985028600
1404985632707
1404985660027
1404985660085
1404986259575
1404986286788
1404986286844
1404986884902
1404986912190
1404986912249
1404987516027
1404987543375
1404987543436
1404988148124
1404988175339
1404988175394
1404988775811
1404988803162
1404988803213
1404989417285
1404989444639
1404989444694
1404990057156
1404990084544
1404990084604
1404990691242
1404990718672
1404990718723
1404991323439
1404991351009
1404991943683
1404991971195
1404992568067
1404992595484
1404993194330
1404993221920
1404993818427
1404993845896
1404994437731
1404994465392
1404995056368
1404995083954
1404995690853
1404995718407
1404996316206
1404996343847
