1404307022457
1404307746150
1404308463663
1404311621467
1404312516504
1404313240233
1404313994722
1404315916951
1404316669282
1404317579074
1404372485538
1404373945710
1404375025425
1404376927761
1404377815615
1404378429164
1404380585832
1404381203642
1404381830647
1404382452466
1404383079967
1404383704834
1404384326999
1404384950164
1404385575451
1404386211882
1404386833234
1404387459471
1404388071345
1404388646184
1404389267913
1404389890664
1404390515687
1404391136831
1404391758481
1404392377942
1404392992906
1404393611888
1404394235344
1404394884205
1404395499851
1404396114366
1404396727404
1404397340458
1404397951221
1404398563778
1404399184405
1404399806267
1404400419101
1404401032220
1404401646449
1404402253799
1404402879654
1404403493861
1404404107504
1404404720422
1404405349732
1404405978453
1404406608401
1404407238088
1404407876337
1404408526998
1404409179707
1404409805406
1404410439928
1404411066228
1404411710074
1404412341930
1404412976405
1404413627094
1404414256259
1404414889752
1404415518227
1404416166203
1404416796343
1404417431735
1404418118117
1404418792696
1404419478791
1404420174556
1404420889193
1404421592541
1404422268226
1404422953351
1404423640618
1404424344139
1404425063203
1404425749752
1404426465168
1404427120125
1404427801942
1404428506259
1404429192015
1404429862580
1404430561700
1404431222807
1404431994804
1404432720619
1404433483160
1404434206973
1404434962196
1404435694980
1404436439827
1404437187089
1404437914064
1404438687024
1404439418495
1404440152630
1404440897793
1404441693150
1404442464382
1404443228195
1404443965868
1404444709645
1404445519167
1404446269084
1404447164587
1404447993091
1404448818086
1404449704531
1404450532894
1404451441614
1404452258599
1404453114605
1404453945687
1404454771539
1404455595364
1404456499443
1404457365124
1404458259637
1404459100028
1404487542902
1404488170456
1404488798256
1404489442312
1404490069370
1404490695313
1404491326078
1404491950991
1404492575187
1404493202427
1404493835297
1404494469472
1404495095831
1404495724252
1404496349436
1404496973905
1404497598672
1404498231628
1404498854211
1404499482279
1404500103648
1404500721674
1404501339038
1404501957423
1404502579142
1404503207162
1404503823787
1404504441236
1404505063547
1404505680263
1404506298591
1404506920784
1404507541368
1404508159717
1404508778445
1404509399092
1404510021256
1404510643018
1404511265605
1404511883642
1404512532838
1404513189538
1404513852974
1404514521614
1404515188812
1404515841615
1404516481922
1404517169280
1404517815746
1404518485509
1404519121688
1404519776451
1404520418769
1404521073577
1404521743782
1404522399590
1404523037224
1404523684839
1404524338778
1404524983186
1404525727482
1404526445246
1404527191988
1404527905369
1404528602702
1404529346175
1404530084966
1404530784463
1404531522674
1404532265679
1404532971190
1404533693286
1404534396419
1404535097936
1404535856091
1404536576639
1404537345958
1404538053226
1404538789001
1404539539513
1404540352932
1404541209970
1404542103225
1404542957246
1404543869440
1404544755909
1404545552522
1404546349934
1404547216408
1404548038525
1404548879313
1404549633943
1404550588798
1404551399630
1404552200987
1404553044434
1404553875171
1404554681246
1404555603102
1404556402717
1404557427188
1404558444997
1404559492546
1404560434082
1404561453020
1404562480454
1404563469181
1404564458390
1404565450883
1404566411592
1404567531179
1404568602446
1404569627289
1404570580586
1404571648332
1404572592190
1404573577897
1404574506937
1404575641983
1404576707682
1404719946242
1404720770594
1404721586703
1404722407870
1404723187460
1404724059909
1404724871573
1404725730793
1404731287274
1404732180469
1404734507361
1404735402769
1404736215637
1404737044679
1404737860418
1404738681026
1404739522306
1404740354138
1404741234755
1404742057903
1404744818913
1404745692482
1404746520961
1404747374002
1404748231737
1404805908631
1404806690138
1404807506922
1404808391762
1404814152659
1404837405928
1404838037605
1404838670557
1404839303377
1404839936136
1404840569080
1404841202384
1404841838076
1404842473615
1404843109435
1404843732444
1404844359027
1404844978188
1404845596967
1404846218054
1404846836979
1404847458150
1404848078624
1404848709975
1404849330504
1404849964743
1404850633131
1404851265943
1404851945713
1404852610300
1404853248267
1404853899595
1404854554011
1404855192102
1404855827093
1404856547950
1404857198043
1404857870431
1404858588127
1404859300166
1404860014008
1404860731000
1404861393558
1404862058323
1404862734307
1404863539639
1404864251859
1404864986635
1404865707810
1404866427275
1404867194771
1404867935328
1404868687693
1404869384778
1404870096554
1404870930091
1404871720325
1404872578842
1404873356264
1404874141937
1404874999300
1404875773648
1404876658079
1404877519206
1404878407693
1404895207334
1404895838046
1404896465103
1404897096332
1404897719964
1404898352335
1404898983508
1404899624066
1404900256844
1404900892865
1404901533625
1404902156263
1404902774200
1404903395611
1404904031588
1404904653787
1404905276171
1404905897574
1404906522072
1404907141789
1404907774672
1404908407867
1404909041255
1404909690576
1404910323098
1404910972281
1404911633170
1404912267110
1404912915282
1404913563351
1404914234305
1404914965831
1404915636584
1404916312352
1404917008294
1404917666129
1404918360257
1404919058477
1404919727581
1404920415674
1404921115722
1404921840043
1404922581229
1404923366853
1404924067217
1404924772842
1404925506534
1404926282395
1404927010874
1404927786335
1404928600306
1404929468285
1404930325858
1404931121862
1404931890053
1404932735555
1404933557041
1404934382103
1404935238835
1404936097501
1404936732690
1404937364891
1404937995962
1404938626982
1404939259253
1404939891031
1404940530157
1404941162884
1404941794921
1404942426775
1404943066669
1404943686154
1404944312031
1404944931312
1404945550453
1404946169623
1404946788507
1404947407336
1404948027648
1404948646897
1404949281054
1404949919165
1404950551667
1404951191596
1404951829345
1404952474908
1404953112737
1404953751157
1404954388500
1404955023783
1404955705481
1404956371224
1404957050546
1404957749838
1404958439276
1404959122071
1404959778522
1404960435172
1404961105877
1404961772715
1404962496674
1404963241135
1404963985133
1404964722530
1404965478604
1404966178923
1404966953322
1404967702710
1404968461585
1404969192998
1404970022362
1404970817063
1404971624807
1404972462996
1404973259699
1404974063041
1404974853532
1404975664326
1404976474410
1404977284859
1404985470089
1404986101020
1404986723101
1404987355521
1404987987855
1404988613056
1404989252416
1404989893925
1404990527877
1404991164843
1404991781886
1404992405127
1404993026175
1404993656428
1404994275726
1404994894728
1404995531639
1404996150341
