1404306873133
1404307599129
1404308335172
1404309035636
1404309871633
1404311490653
1404312231076
1404313110426
1404313864650
1404315772754
1404316525803
1404317446127
1404372353312
1404372975321
1404373846378
1404374895937
1404375900641
1404376794274
1404377687011
1404378299218
1404380455327
1404381073051
1404381702106
1404382321690
1404382949754
1404383574109
1404384196493
1404384817449
1404385442955
1404386078973
1404386700466
1404387326717
1404387942997
1404389137453
1404389760330
1404390384880
1404391006260
1404391627025
1404392248372
1404392864345
1404393482680
1404394106473
1404394730153
1404395370828
1404395985301
1404396599213
1404397211887
1404397822943
1404398435173
1404399051104
1404399677977
1404400290814
1404400903966
1404401518071
1404402125640
1404402751316
1404403365471
1404403979066
1404404592116
1404405221351
1404405850249
1404406480017
1404407109559
1404407747937
1404408383656
1404409038167
1404409676985
1404410305979
1404410937717
1404411581830
1404412213899
1404412847925
1404413498502
1404414128005
1404414761286
1404415389812
1404416037920
1404416667827
1404417303402
1404417989751
1404418651127
1404419333198
1404420033138
1404420760710
1404421464277
1404422139762
1404422824930
1404423512229
1404424202389
1404424934650
1404425608080
1404426323646
1404426991556
1404427673353
1404428377816
1404429063573
1404429733979
1404430419923
1404431094433
1404431866518
1404432589966
1404433352519
1404434057641
1404434833731
1404435562044
1404436292927
1404437056313
1404437783616
1404438524470
1404439286338
1404440020125
1404440754346
1404441562749
1404442320670
1404443084461
1404443835328
1404444564011
1404445388629
1404446138564
1404446988319
1404447834515
1404448641085
1404449524478
1404450376408
1404451252030
1404452088382
1404452945608
1404453772210
1404454613187
1404455426314
1404456319946
1404457184801
1404458060602
1404458921533
1404487410193
1404488037491
1404488665238
1404489305273
1404489933993
1404490564672
1404491193274
1404491819941
1404492444172
1404493071581
1404493703108
1404494338994
1404494965196
1404495591651
1404496218367
1404496842783
1404497466224
1404498098526
1404498721341
1404499351136
1404499974373
1404500592523
1404501209806
1404501828229
1404502449874
1404503072859
1404503694725
1404504311815
1404504934129
1404505550824
1404506169148
1404506791501
1404507412019
1404508030437
1404508649012
1404509269926
1404509892071
1404510513873
1404511136368
1404511754398
1404512403780
1404513060272
1404513723804
1404514383987
1404515044523
1404515697394
1404516352619
1404517027421
1404517686351
1404518356163
1404518992438
1404519647253
1404520285487
1404520944182
1404521599687
1404522270191
1404522908075
1404523555451
1404524209453
1404524853777
1404525598196
1404526316358
1404527062873
1404527776067
1404528473519
1404529216933
1404529942776
1404530655156
1404531393526
1404532123362
1404532826873
1404533564084
1404534267279
1404534968705
1404535726804
1404536434482
1404537216715
1404537910925
1404538644734
1404539397478
1404540206835
1404541063800
1404541958853
1404542812977
1404543736786
1404544624836
1404545410229
1404546217352
1404547085202
1404547902105
1404548737760
1404549503320
1404550406274
1404551258188
1404552071809
1404552870268
1404553742341
1404554538637
1404555446931
1404556271471
1404557223273
1404558247616
1404559296816
1404560226917
1404561281950
1404562255074
1404563261251
1404564254768
1404565240610
1404566179444
1404567291224
1404568380201
1404569425359
1404570401660
1404571438698
1404572401414
1404573383963
1404574280928
1404575426587
1404576457856
1404719815623
1404720634929
1404721429698
1404722276543
1404723056965
1404723929234
1404724708761
1404725571914
1404729118917
1404732013338
1404734378031
1404735249856
1404736059531
1404736900359
1404737730420
1404738534149
1404739389510
1404740223032
1404741051953
1404741916125
1404744687534
1404745550157
1404746389901
1404747227469
1404748090185
1404805764817
1404806557914
1404807365875
1404808244899
1404814022747
1404837272709
1404837904200
1404838537651
1404839170520
1404839803358
1404840436299
1404841068968
1404841704870
1404842340103
1404842976054
1404843602790
1404844229401
1404844848319
1404845467225
1404846088441
1404846707102
1404847326528
1404847948973
1404848580297
1404849200878
1404849833628
1404850502451
1404851135041
1404851814948
1404852479549
1404853117031
1404853768919
1404854423519
1404855061654
1404855696092
1404856390294
1404857065206
1404857738102
1404858455563
1404859154480
1404859868822
1404860598263
1404861260934
1404861925317
1404862601625
1404863398979
1404864117024
1404864852650
1404865555071
1404866287722
1404867043409
1404867783985
1404868540677
1404869250418
1404869956763
1404870766625
1404871566460
1404872413851
1404873189947
1404873989209
1404874839752
1404875607497
1404876464148
1404877338574
1404878217425
1404895075857
1404895704822
1404896332693
1404896963660
1404897588554
1404898218818
1404898852965
1404899487411
1404900123399
1404900759157
1404901403748
1404902026064
1404902644902
1404903266245
1404903888588
1404904522803
1404905146290
1404905766554
1404906391232
1404907012284
1404907643561
1404908276087
1404908910218
1404909559980
1404910191625
1404910841593
1404911500226
1404912136480
1404912784626
1404913428519
1404914101820
1404914832912
1404915502863
1404916179928
1404916863693
1404917533488
1404918227357
1404918925506
1404919593811
1404920278037
1404920981301
1404921696385
1404922441499
1404923226523
1404923915518
1404924638602
1404925367589
1404926148317
1404926871030
1404927640985
1404928437006
1404929285072
1404930154770
1404930973801
1404931738678
1404932564025
1404933388241
1404934202554
1404935069607
1404935899964
1404936599694
1404937232077
1404937863697
1404938494083
1404939126328
1404939758147
1404940393341
1404941030196
1404941662084
1404942294067
1404942937135
1404943556308
1404944182234
1404944801604
1404945420785
1404946039979
1404946658800
1404947277836
1404947897801
1404948517251
1404949150231
1404949788529
1404950420725
1404951060519
1404951698655
1404952343991
1404952982158
1404953620082
1404954257366
1404954893320
1404955572805
1404956239095
1404956914028
1404957604491
1404958292599
1404958984387
1404959645484
1404960302557
1404960973552
1404961640539
1404962357018
1404963100266
1404963850346
1404964587889
1404965344223
1404966032051
1404966786758
1404967556574
1404968298305
1404969046051
1404969869112
1404970657271
1404971430531
1404972298480
1404973089109
1404973909003
1404974687930
1404975500257
1404976314712
1404977125899
1404985336604
1404985970256
1404986591007
1404987221839
1404987854291
1404988480525
1404989119079
1404989756388
1404990394416
1404991033991
1404991651864
1404992275241
1404992896008
1404993527004
1404994145929
1404994764964
1404995401704
1404996020833
