1404307088259
1404307119842
1404307811778
1404307843675
1404307854457
1404308529355
1404308561170
1404308571823
1404309313941
1404309346049
1404310933949
1404310985939
1404311702351
1404311739576
1404312598847
1404312630335
1404313307630
1404313338808
1404315200105
1404315251728
1404315983689
1404316015430
1404316026741
1404316732623
1404316776547
1404317020611
1404317043520
1404317053881
1404317646650
1404317669536
1404372554521
1404372577203
1404372577266
1404374016682
1404374039348
1404374050201
1404375478576
1404375501030
1404375501083
1404376037515
1404376060329
1404376993599
1404377015990
1404377881564
1404377903941
1404380027457
1404380027457
1404380049984
1404380049983
1404380653423
1404380675736
1404380686602
1404381271950
1404381294253
1404381304866
1404381900551
1404381923033
1404381933323
1404382522010
1404382544573
1404382554921
1404383149305
1404383171771
1404383182342
1404383774419
1404383796891
1404383807265
1404384394817
1404384417309
1404384427822
1404385020020
1404385042472
1404385053126
1404385645222
1404385667648
1404386280389
1404386302848
1404386313222
1404386900471
1404386922994
1404386933336
1404387524755
1404387547201
1404387557599
1404388141509
1404388163791
1404388174585
1404388713805
1404388736137
1404388746745
1404389337048
1404389359494
1404389369921
1404389960347
1404389982797
1404390584455
1404390606739
1404391206286
1404391228759
1404391239433
1404391826121
1404391848465
1404391859157
1404392444801
1404392472289
1404393058698
1404393086276
1404393682982
1404393710726
1404394301969
1404394329358
1404394948011
1404394975760
1404395565745
1404395593459
1404396180611
1404396208244
1404396793106
1404396820809
1404397406389
1404397433779
1404398016770
1404398044256
1404398630226
1404398657802
1404399251735
1404399279504
1404399871560
1404399899342
1404400484582
1404400512204
1404401097709
1404401125308
1404401711792
1404401734241
1404402319232
1404402346890
1404402945099
1404402972705
1404403559247
1404403587125
1404404173085
1404404200679
1404404785606
1404404814029
1404405414906
1404405443456
1404406043821
1404406072675
1404406673625
1404406702316
1404407303704
1404407345796
1404407356558
1404407941847
1404407970356
1404408590628
1404408619307
1404409244854
1404409273082
1404409870577
1404409898983
1404410507643
1404410536278
1404411131541
1404411173707
1404411775309
1404411803832
1404412412210
1404412440577
1404413041576
1404413070060
1404413692399
1404413721073
1404414321626
1404414350114
1404414955184
1404414983648
1404415583575
1404415612254
1404416231549
1404416260380
1404416861524
1404416890120
1404417510149
1404417540264
1404418183317
1404418213353
1404418857990
1404418887394
1404419544386
1404419587751
1404419598406
1404420239677
1404420283088
1404420293474
1404420967750
1404420998085
1404421657776
1404421688100
1404422346966
1404422376583
1404423018689
1404423063617
1404423719264
1404423748962
1404424413765
1404424443421
1404425128432
1404425158715
1404425817176
1404425862014
1404426530899
1404426560570
1404427202654
1404427232943
1404427867292
1404427931659
1404427942555
1404428571503
1404428601490
1404429257332
1404429287049
1404429927783
1404429958009
1404430627008
1404430656826
1404431288231
1404431319657
1404432060061
1404432096273
1404432785890
1404432831139
1404432841737
1404433548746
1404433579745
1404434272218
1404434303343
1404435029453
1404435060938
1404435764117
1404435795787
1404436505072
1404436551798
1404437252411
1404437283626
1404437979371
1404438025972
1404438036493
1404438750537
1404438782319
1404439485940
1404439522357
1404439532825
1404440217900
1404440249159
1404440976845
1404441023435
1404441758676
1404441804785
1404442529697
1404442561122
1404443306975
1404443338645
1404444033364
1404444064972
1404444774941
1404444811988
1404445584347
1404445616013
1404446334617
1404446387019
1404446397646
1404447230415
1404447264081
1404448062595
1404448106763
1404448887362
1404448935642
1404449785174
1404449833553
1404450612514
1404450678113
1404451516512
1404451555653
1404452347159
1404452394315
1404453184118
1404453231132
1404454013049
1404454063839
1404454074285
1404454841305
1404454886895
1404455666767
1404455712838
1404456568953
1404456606651
1404457445591
1404457484060
1404457494793
1404458338593
1404458391918
1404459182545
1404459215964
1404486988051
1404487010432
1404487020701
1404487610966
1404487633345
1404487643660
1404488240756
1404488263163
1404488273659
1404488868214
1404488890628
1404489510190
1404489532546
1404490139319
1404490161767
1404490172026
1404490765243
1404490787644
1404490798021
1404491395500
1404491417902
1404491428229
1404492019337
1404492041691
1404492052058
1404492643227
1404492665658
1404492676066
1404493272525
1404493294946
1404493305186
1404493905033
1404493927460
1404494539461
1404494561883
1404494572173
1404495169133
1404495191485
1404495201978
1404495792122
1404495814542
1404496417707
1404496440062
1404496450394
1404497043659
1404497066044
1404497076521
1404497668502
1404497690946
1404497701360
1404498299853
1404498322267
1404498332608
1404498924374
1404498946812
1404498957189
1404499551994
1404499579522
1404500169788
1404500197397
1404500787655
1404500815202
1404501405308
1404501432871
1404502023736
1404502051262
1404502645311
1404502672870
1404503273395
1404503300902
1404503311328
1404503890015
1404503917524
1404504507592
1404504535192
1404505129933
1404505157475
1404505167859
1404505746738
1404505774333
1404506364873
1404506392444
1404506990244
1404507017838
1404507607728
1404507635355
1404508225881
1404508253571
1404508845017
1404508872636
1404509465468
1404509493116
1404510087636
1404510115225
1404510709440
1404510736976
1404511331833
1404511359428
1404511954021
1404511987743
1404512599578
1404512628101
1404513256012
1404513302359
1404513312977
1404513919437
1404513947685
1404514587695
1404514630918
1404515253123
1404515286280
1404515296859
1404515907947
1404515941199
1404515951926
1404516548280
1404516581648
1404517240575
1404517274033
1404517894790
1404517928423
1404517938996
1404518551809
1404518585305
1404519188036
1404519221583
1404519842670
1404519876059
1404520485054
1404520526099
1404520536704
1404521139904
1404521173725
1404521184218
1404521811798
1404521858127
1404521868745
1404522465861
1404522499314
1404523103478
1404523137124
1404523751303
1404523784783
1404523795451
1404524409137
1404524442738
1404524453280
1404525049496
1404525089553
1404525100113
1404525806430
1404525841333
1404526511541
1404526586338
1404526596915
1404527258181
1404527313143
1404527323701
1404527971766
1404528011458
1404528668975
1404528721772
1404528732259
1404529412570
1404529464845
1404529475382
1404530151208
1404530185629
1404530850699
1404530885489
1404531588903
1404531628597
1404532332124
1404532366929
1404533037641
1404533084996
1404533095416
1404533759644
1404533794504
1404534462662
1404534502349
1404535182577
1404535222615
1404535233264
1404535922454
1404535972524
1404536655899
1404536713001
1404536723626
1404537412439
1404537452236
1404538119567
1404538159577
1404538169998
1404538853247
1404538902996
1404539605691
1404539646987
1404540417133
1404540458066
1404540468654
1404541274424
1404541340162
1404541350865
1404542169820
1404542246299
1404543023559
1404543064881
1404543075765
1404543935784
1404543984291
1404543994939
1404544822358
1404544863610
1404545618934
1404545660692
1404546428924
1404546469975
1404547287738
1404547328988
1404548104822
1404548181172
1404548191723
1404548945437
1404548987133
1404549700419
1404549756351
1404550652946
1404550709513
1404551478315
1404551523700
1404552267359
1404552308265
1404553110877
1404553164131
1404553941527
1404553988258
1404553998646
1404554751758
1404554805287
1404554815924
1404555667338
1404555728800
1404556469123
1404556527467
1404557521637
1404557569754
1404557580556
1404558549809
1404558603281
1404559571718
1404559614276
1404560514508
1404560562300
1404561526093
1404561581307
1404561591751
1404562572061
1404562614366
1404563540031
1404563583217
1404564538934
1404564611360
1404565516220
1404565573586
1404565584278
1404566493441
1404566576891
1404567646398
1404567703772
1404568685715
1404568748837
1404569693889
1404569769331
1404569780080
1404570650540
1404570703891
1404570714402
1404571717936
1404571801209
1404571811823
1404572673419
1404572749327
1404572759823
1404573646186
1404573688892
1404574590905
1404574734016
1404574744745
1404575708066
1404575775970
1404575786458
1404719228737
1404719275312
1404719286206
1404720014247
1404720055956
1404720837395
1404720879462
1404721665824
1404721722284
1404722474433
1404722520254
1404722531068
1404723275341
1404723315799
1404724126735
1404724167351
1404724177765
1404724938094
1404724999274
1404725010324
1404725798421
1404725839922
1404731354319
1404731401000
1404733756563
1404733797608
1404733808362
1404734573715
1404734645388
1404735469679
1404735543376
1404735553988
1404736279405
1404736320101
1404736330804
1404737110882
1404737180009
1404737927106
1404737982903
1404738760080
1404738821297
1404738831908
1404739588963
1404739666144
1404740433300
1404740486465
1404740497045
1404741301452
1404741336763
1404744002348
1404744053183
1404744885979
1404744937294
1404745758756
1404745804748
1404745815422
1404746602308
1404746643625
1404747438751
1404747499939
1404748298350
1404748375039
1404748385815
1404805105464
1404805176513
1404805187618
1404805976072
1404806017605
1404806756855
1404806797993
1404807574488
1404807620881
1404807631796
1404813598029
1404813620406
1404813631079
1404814222357
1404814244803
1404836844454
1404836871753
1404836871811
1404837474322
1404837501683
1404837501740
1404838107720
1404838135066
1404838135124
1404838740651
1404838768022
1404838768077
1404839373248
1404839400590
1404839400645
1404840006357
1404840033697
1404840033753
1404840638903
1404840666281
1404840666327
1404841272951
1404841300300
1404841300354
1404841908147
1404841935516
1404841935571
1404842544175
1404842571541
1404842571596
1404843179875
1404843212455
1404843798415
1404843831099
1404844424963
1404844457489
1404845044016
1404845076635
1404845664423
1404845697083
1404846283877
1404846316437
1404846902843
1404846935404
1404847523906
1404847556466
1404848144426
1404848176918
1404848775744
1404848808298
1404849396433
1404849430102
1404850029910
1404850063650
1404850698393
1404850732146
1404851334947
1404851376914
1404851387525
1404852011141
1404852044829
1404852675514
1404852708961
1404853315286
1404853348739
1404853964798
1404853998238
1404854619464
1404854653305
1404855257453
1404855291379
1404855892144
1404855926893
1404856612402
1404856647138
1404857262324
1404857305420
1404857316151
1404857934743
1404857969593
1404858652714
1404858697386
1404859377195
1404859420156
1404859430792
1404860078419
1404860128726
1404860795229
1404860830118
1404861457706
1404861492875
1404862122003
1404862165085
1404862175823
1404862798724
1404862849859
1404863602563
1404863638246
1404864315079
1404864351292
1404865050406
1404865086923
1404865770932
1404865807186
1404866490954
1404866527350
1404867259659
1404867310759
1404867999057
1404868050129
1404868752589
1404868789037
1404869448239
1404869483826
1404870160319
1404870206521
1404870993139
1404871031132
1404871802888
1404871845312
1404872645601
1404872683434
1404873419181
1404873456842
1404874210508
1404874248542
1404875066897
1404875109193
1404875857174
1404875900050
1404876728537
1404876766370
1404877603970
1404877655358
1404877666084
1404894649507
1404894676687
1404895277288
1404895304612
1404895304663
1404895908532
1404895935895
1404895935955
1404896535275
1404896562538
1404896562604
1404897165207
1404897192418
1404897192476
1404897788051
1404897815454
1404897815514
1404898422351
1404898449674
1404898449730
1404899056672
1404899083874
1404899083928
1404899693871
1404899721202
1404899721259
1404900327182
1404900354526
1404900354584
1404900963025
1404900995616
1404901599899
1404901632442
1404902223449
1404902255956
1404902839973
1404902872467
1404903461764
1404903494398
1404904099521
1404904131910
1404904720763
1404904753360
1404905342437
1404905375067
1404905965432
1404905998008
1404906588616
1404906620941
1404907207757
1404907241277
1404907839713
1404907872968
1404908474227
1404908507831
1404909107033
1404909140688
1404909758689
1404909792123
1404910390123
1404910438284
1404911037629
1404911071204
1404911699402
1404911732700
1404912333248
1404912366591
1404912980736
1404913013997
1404913629688
1404913664336
1404914315186
1404914349838
1404915030252
1404915064473
1404915701003
1404915736056
1404916376654
1404916426334
1404917072363
1404917107226
1404917731327
1404917781179
1404918424683
1404918459401
1404919122443
1404919156790
1404919791742
1404919826778
1404920480515
1404920516608
1404921179095
1404921214908
1404921915923
1404921951651
1404922649750
1404922706264
1404923429784
1404923466230
1404924130750
1404924166850
1404924836345
1404924885578
1404924896323
1404925569889
1404925641659
1404926346041
1404926390610
1404926401230
1404927073918
1404927133608
1404927144100
1404927853044
1404927895337
1404928677412
1404928735267
1404929538666
1404929589854
1404929600412
1404930388826
1404930441808
1404931184215
1404931222220
1404931985719
1404932029069
1404932803845
1404932847169
1404933632130
1404933680058
1404933690833
1404934452538
1404934490120
1404935313778
1404935364954
1404935375778
1404936166033
1404936193346
1404936193400
1404936802806
1404936830097
1404936830155
1404937434017
1404937461372
1404937461427
1404938065783
1404938093100
1404938093155
1404938696480
1404938723796
1404938723852
1404939328658
1404939355955
1404939356010
1404939958879
1404939986201
1404939986256
1404940600172
1404940627523
1404940627580
1404941232633
1404941259893
1404941259952
1404941864696
1404941892054
1404941892114
1404942496349
1404942528848
1404943132871
1404943165432
1404943754297
1404943786947
1404944378126
1404944410590
1404944997563
1404945030189
1404945616842
1404945649396
1404946235823
1404946268381
1404946854581
1404946887146
1404947473618
1404947506069
1404948093692
1404948126288
1404948712953
1404948746811
1404949346372
1404949379927
1404949984521
1404950018516
1404950617343
1404950650541
1404951256833
1404951290305
1404951894774
1404951928118
1404952540396
1404952573886
1404953178101
1404953211854
1404953820537
1404953854530
1404954453613
1404954486815
1404955089362
1404955138713
1404955769639
1404955819474
1404956435983
1404956471103
1404957118587
1404957153480
1404957816495
1404957866237
1404958503575
1404958546648
1404958556936
1404959189260
1404959223247
1404959842773
1404959878284
1404960499643
1404960534413
1404961170402
1404961205249
1404961837514
1404961879164
1404962560237
1404962596395
1404963304316
1404963340551
1404964061476
1404964097754
1404964798581
1404964834670
1404965542057
1404965578290
1404966242313
1404966303907
1404966314585
1404967029422
1404967086048
1404967096599
1404967765685
1404967821925
1404968526277
1404968562643
1404969256358
1404969299424
1404970105942
1404970144194
1404970154760
1404970879702
1404970937509
1404971687829
1404971738705
1404971749485
1404972525587
1404972563505
1404973322711
1404973361697
1404974125663
1404974163539
1404974921577
1404974959609
1404975728741
1404975782043
1404976557314
1404976607815
1404976618646
1404984910124
1404984937306
1404984937372
1404985538215
1404985565344
1404986168762
1404986195926
1404986195982
1404986792979
1404986820304
1404986820364
1404987425296
1404987452514
1404987452562
1404988057124
1404988084329
1404988084386
1404988683183
1404988710553
1404988710607
1404989322917
1404989350282
1404989350338
1404989964453
1404989991811
1404989991870
1404990598274
1404990625636
1404990625696
1404991233133
1404991260369
1404991848012
1404991880528
1404992471894
1404992504539
1404993093913
1404993126384
1404993722647
1404993755179
1404994342130
1404994374647
1404994960756
1404994993394
1404995597467
1404995624888
1404996216384
1404996249126
