1404307762482
1404307790245
1404307801405
1404308480139
1404308507975
1404308518918
1404309240602
1404309268362
1404310870218
1404310910713
1404311639374
1404311679407
1404312533569
1404312573171
1404312576339
1404313257547
1404313285095
1404314011985
1404314039584
1404315934032
1404315961711
1404315972979
1404316683571
1404316711239
1404316722180
1404317595249
1404317623073
1404317623119
1404372503241
1404372531052
1404372531113
1404373963569
1404373990995
1404375042953
1404375070540
1404376944316
1404376972046
1404377832285
1404377859996
1404378445820
1404378473515
1404380603143
1404380630790
1404380630848
1404381221373
1404381249084
1404381249145
1404381849083
1404381876951
1404381877010
1404382470916
1404382498726
1404382498788
1404383098330
1404383126152
1404383126204
1404383723316
1404383751132
1404383751190
1404384345538
1404384373401
1404384384339
1404384968760
1404384996592
1404384996649
1404385593950
1404385621776
1404385621837
1404386229278
1404386257087
1404386257142
1404386851411
1404386879223
1404386890233
1404387475693
1404387503516
1404387514385
1404388089837
1404388117423
1404388117480
1404388663790
1404388691486
1404388691560
1404389286219
1404389314036
1404389314093
1404389909163
1404389937011
1404389937073
1404390534201
1404390561834
1404390561893
1404391155261
1404391183077
1404391183140
1404391776522
1404391804171
1404391804232
1404392395093
1404392422667
1404392422727
1404393009211
1404393036928
1404393048045
1404393632471
1404393660031
1404394251857
1404394279478
1404394898077
1404394925712
1404394936903
1404395516580
1404395544240
1404395555287
1404396131131
1404396158897
1404396743935
1404396771665
1404396782733
1404397357209
1404397384757
1404397967542
1404397995184
1404398006232
1404398580482
1404398608046
1404398619580
1404399202083
1404399229793
1404399240956
1404399822567
1404399850394
1404399861366
1404400435332
1404400463183
1404400474163
1404401048443
1404401076269
1404401087329
1404401662705
1404401690539
1404402269997
1404402297863
1404402308887
1404402895852
1404402923707
1404402934624
1404403510022
1404403537840
1404403548669
1404404123859
1404404151663
1404404162454
1404404736612
1404404764410
1404404775378
1404405365895
1404405393698
1404405404587
1404405994767
1404406022579
1404406624561
1404406652391
1404407254257
1404407282086
1404407292958
1404407892508
1404407920338
1404407931042
1404408541577
1404408569320
1404409195906
1404409223708
1404409821576
1404409849385
1404410458654
1404410486464
1404411082381
1404411110279
1404411726248
1404411754044
1404412363024
1404412390820
1404412401674
1404412992549
1404413020372
1404413643380
1404413671186
1404414272558
1404414300367
1404414906091
1404414933908
1404415534373
1404415562197
1404415573105
1404416182407
1404416210195
1404416812474
1404416840288
1404417447972
1404417488906
1404417499872
1404418134259
1404418162064
1404418808762
1404418836576
1404419495202
1404419523041
1404420190611
1404420218437
1404420905556
1404420946529
1404421608729
1404421636556
1404422284390
1404422325521
1404422969510
1404422997326
1404423656954
1404423697956
1404424364630
1404424392441
1404425079405
1404425107215
1404425768036
1404425795840
1404426481602
1404426509416
1404427140216
1404427181304
1404427818087
1404427845895
1404428522440
1404428550261
1404429208232
1404429236056
1404429878757
1404429906576
1404430577954
1404430605767
1404431239139
1404431266970
1404432011014
1404432038805
1404432049858
1404432736872
1404432764703
1404432775275
1404433499573
1404433527364
1404434223172
1404434251002
1404434261855
1404434980589
1404435008403
1404435019366
1404435714934
1404435742754
1404435753610
1404436456052
1404436483878
1404436494650
1404437203310
1404437231141
1404437241977
1404437930353
1404437958148
1404437968972
1404438701368
1404438729178
1404438740037
1404439436865
1404439464696
1404439475370
1404440168883
1404440196677
1404440912390
1404440955486
1404440966368
1404441709600
1404441737427
1404441748276
1404442480635
1404442508533
1404442519491
1404443244565
1404443285634
1404443984347
1404444012148
1404444023037
1404444725860
1404444753676
1404444764396
1404445535393
1404445563314
1404445574286
1404446285381
1404446313185
1404446323654
1404447181269
1404447209161
1404447220015
1404448011242
1404448039055
1404448836335
1404448864124
1404449722871
1404449763983
1404449774819
1404450556114
1404450589229
1404451459854
1404451493200
1404452276998
1404452325761
1404452336436
1404453132834
1404453160649
1404453961922
1404453989815
1404454789866
1404454817771
1404455609790
1404455643390
1404456517650
1404456545470
1404457383375
1404457422148
1404458274057
1404458315128
1404459116279
1404459159401
1404459170875
1404487559827
1404487587588
1404487587642
1404488189130
1404488216910
1404488216970
1404488816873
1404488844599
1404488844663
1404489459133
1404489486969
1404489487025
1404490087806
1404490115583
1404490115644
1404490714017
1404490741767
1404490741827
1404491344460
1404491372215
1404491372272
1404491967837
1404491995571
1404491995625
1404492591997
1404492619729
1404492619787
1404493220973
1404493248805
1404493248868
1404493853946
1404493881677
1404493881736
1404494488040
1404494515772
1404494515829
1404495112520
1404495140326
1404495140376
1404495740941
1404495768672
1404495768735
1404496368115
1404496395907
1404496406966
1404496992264
1404497020035
1404497020097
1404497617236
1404497644991
1404497645050
1404498250285
1404498278015
1404498289009
1404498872860
1404498900646
1404498900702
1404499500645
1404499528356
1404499528419
1404500120346
1404500148067
1404500158983
1404500738167
1404500765874
1404500776906
1404501355672
1404501383501
1404501394441
1404501974157
1404502001861
1404502012806
1404502595840
1404502623589
1404502634549
1404503223940
1404503251629
1404503262686
1404503840595
1404503868344
1404503879358
1404504458014
1404504485766
1404504496721
1404505080377
1404505108122
1404505119144
1404505697024
1404505724900
1404505735852
1404506315411
1404506343134
1404506354151
1404506940763
1404506968442
1404506979314
1404507558124
1404507585919
1404507596992
1404508176399
1404508204136
1404508215098
1404508795287
1404508823038
1404508834128
1404509415910
1404509443630
1404509454602
1404510037997
1404510065866
1404510076919
1404510659818
1404510687609
1404510698524
1404511282271
1404511310141
1404511321111
1404511900452
1404511928190
1404511939208
1404512549906
1404512577705
1404513206352
1404513234126
1404513869820
1404513897590
1404514538216
1404514565925
1404515203601
1404515231338
1404515858389
1404515886144
1404516498727
1404516526481
1404517190982
1404517218769
1404517832499
1404517872945
1404518502176
1404518529961
1404518540792
1404519138510
1404519166220
1404519793190
1404519820959
1404520435424
1404520463201
1404521090329
1404521118019
1404521758349
1404521786134
1404522416305
1404522444034
1404523053851
1404523081683
1404523092507
1404523701686
1404523729468
1404524359710
1404524387471
1404525000030
1404525027788
1404525744257
1404525784734
1404526461945
1404526489743
1404527208625
1404527236363
1404527922182
1404527949921
1404528619351
1404528647128
1404529362948
1404529390746
1404530101686
1404530129468
1404530801213
1404530829000
1404531539327
1404531567072
1404532282522
1404532310225
1404532988027
1404533015837
1404533710038
1404533737835
1404533748938
1404534413194
1404534440852
1404535114806
1404535155692
1404535872876
1404535900667
1404536593419
1404536634073
1404537362784
1404537390573
1404537401709
1404538070043
1404538097758
1404538803596
1404538831344
1404539556299
1404539584004
1404540367617
1404540395321
1404541224739
1404541252581
1404541263439
1404542120096
1404542147969
1404542158748
1404542973919
1404543001695
1404543012366
1404543886130
1404543913915
1404543924770
1404544772714
1404544800427
1404544811034
1404545569306
1404545597032
1404546366594
1404546407129
1404547233237
1404547261068
1404547272241
1404548055274
1404548083038
1404548093890
1404548895985
1404548923765
1404548934869
1404549650787
1404549678512
1404549688950
1404550603519
1404550631282
1404550642228
1404551416435
1404551456584
1404551467530
1404552217832
1404552245546
1404552256444
1404553061249
1404553089001
1404553099951
1404553891841
1404553919655
1404553930618
1404554698106
1404554725872
1404554736642
1404555617662
1404555645520
1404555656276
1404556419474
1404556447261
1404557446692
1404557499915
1404557510270
1404558461834
1404558527920
1404558538323
1404559509424
1404559549845
1404559560445
1404560452416
1404560490929
1404561469812
1404561502769
1404562497314
1404562550282
1404562561284
1404563488604
1404563516393
1404564476724
1404564517009
1404564527539
1404565465256
1404565492999
1404566425734
1404566471556
1404566481984
1404567547992
1404567619655
1404567630307
1404568621075
1404568663895
1404568674593
1404569644144
1404569671947
1404569682438
1404570598979
1404570626748
1404571666591
1404571694363
1404572610848
1404572651689
1404572662315
1404573594781
1404573622563
1404574521409
1404574569279
1404574580019
1404575656837
1404575684580
1404576724401
1404576797755
1404576808413
1404719963981
1404719991530
1404720002776
1404720787595
1404720815181
1404720826387
1404721601129
1404721643840
1404722424859
1404722452497
1404722463455
1404723206622
1404723249139
1404724077012
1404724104648
1404724115492
1404724888400
1404724916075
1404724927054
1404725748473
1404725776256
1404731304330
1404731332001
1404732197842
1404732225461
1404734524055
1404734551841
1404734562653
1404735419660
1404735447429
1404735458701
1404736229704
1404736257351
1404737061372
1404737089195
1404737877289
1404737905060
1404737916220
1404738698179
1404738737984
1404738749309
1404739539197
1404739566880
1404739577763
1404740371217
1404740411459
1404741251542
1404741279210
1404741290103
1404742075290
1404742103031
1404742114164
1404744835678
1404744863457
1404744874634
1404745709137
1404745736996
1404745747793
1404746539808
1404746580288
1404746591244
1404747388773
1404747416540
1404747427514
1404748248712
1404748276395
1404748287589
1404805925683
1404805953284
1404805964561
1404806707078
1404806734816
1404807524477
1404807552112
1404807563458
1404808409099
1404814171075
1404814198796
1404814198858
1404837424570
1404837452431
1404837463084
1404838056326
1404838084149
1404838084207
1404838689245
1404838717097
1404838717150
1404839321765
1404839349593
1404839349646
1404839954803
1404839982647
1404839982704
1404840587637
1404840615484
1404840615536
1404841221219
1404841249035
1404841249088
1404841856577
1404841884414
1404841884474
1404842492390
1404842520204
1404842520259
1404843128236
1404843156085
1404843156134
1404843748905
1404843776722
1404843787337
1404844375353
1404844403178
1404844413705
1404844994464
1404845022287
1404845033036
1404845614943
1404845642755
1404845653285
1404846234415
1404846262302
1404846272872
1404846853262
1404846881060
1404846891733
1404847474554
1404847502371
1404847513054
1404848094867
1404848122682
1404848133240
1404848726366
1404848754165
1404848764838
1404849346908
1404849374722
1404849385194
1404849980214
1404850008886
1404850648792
1404850677712
1404851285344
1404851313754
1404851324204
1404851961430
1404851990083
1404852625937
1404852654627
1404853264031
1404853292496
1404853915246
1404853943421
1404853953847
1404854570043
1404854598386
1404854608829
1404855207811
1404855236226
1404855246562
1404855842604
1404855871006
1404855881469
1404856562531
1404856592278
1404857212594
1404857242848
1404857884944
1404857914956
1404858602805
1404858632531
1404859314544
1404859355505
1404860028650
1404860058212
1404860745467
1404860775243
1404861407977
1404861437653
1404862072311
1404862102250
1404862748945
1404862778423
1404863552541
1404863583592
1404864265026
1404864296050
1404865000252
1404865032002
1404865720963
1404865751795
1404866440941
1404866472508
1404867209564
1404867241194
1404867949102
1404867980432
1404868702498
1404868733938
1404869398171
1404869429549
1404870110276
1404870142000
1404870942687
1404870975539
1404871732852
1404871781279
1404871792069
1404872591159
1404872623778
1404873368892
1404873401626
1404874154688
1404874192825
1404875012029
1404875045177
1404875055691
1404875786290
1404875839664
1404876672776
1404876710816
1404877533442
1404877586312
1404878422551
1404878461004
1404895226138
1404895253651
1404895253708
1404895856698
1404895884581
1404895884634
1404896483934
1404896511710
1404896511764
1404897114099
1404897141731
1404897141781
1404897737567
1404897765379
1404897765449
1404898371003
1404898398775
1404898398834
1404899005901
1404899033579
1404899033636
1404899642283
1404899670090
1404899670147
1404900275625
1404900303423
1404900303484
1404900911628
1404900939435
1404900939496
1404901550358
1404901578093
1404901589041
1404902173832
1404902201527
1404902212154
1404902790490
1404902818235
1404902828780
1404903412192
1404903439896
1404903450578
1404904048386
1404904075993
1404904087538
1404904671103
1404904698799
1404904709391
1404905292858
1404905320645
1404905331170
1404905915901
1404905943620
1404905954183
1404906538760
1404906566560
1404906577464
1404907158213
1404907186036
1404907196598
1404907790148
1404907818461
1404908424448
1404908452901
1404909057094
1404909085579
1404909707298
1404909735707
1404910339322
1404910367874
1404910988083
1404911016581
1404911649508
1404911677932
1404912283313
1404912311606
1404912322258
1404912930933
1404912959474
1404913579312
1404913607572
1404913618275
1404914248838
1404914289217
1404914980311
1404915010550
1404915651028
1404915680930
1404916326871
1404916356701
1404917022507
1404917052590
1404917680811
1404917710208
1404918374856
1404918404940
1404919072612
1404919102658
1404919741812
1404919771516
1404920430228
1404920459454
1404921129015
1404921160306
1404921853512
1404921894225
1404922599640
1404922630863
1404923379800
1404923411258
1404924080700
1404924112036
1404924786400
1404924817351
1404925519807
1404925550861
1404926296145
1404926327113
1404927023860
1404927054664
1404927803090
1404927834161
1404928614931
1404928655683
1404928666061
1404929482966
1404929520974
1404930338567
1404930371056
1404931134189
1404931166626
1404931902857
1404931963998
1404931974812
1404932747960
1404932786252
1404933569638
1404933610314
1404933621227
1404934396631
1404934434871
1404935251441
1404935291937
1404935302856
1404936110039
1404936148114
1404936751374
1404936779156
1404936779215
1404937383069
1404937410821
1404937410874
1404938014629
1404938042357
1404938042418
1404938645362
1404938673182
1404938673235
1404939277377
1404939305154
1404939305211
1404939909369
1404939937164
1404939947799
1404940548612
1404940576442
1404940576495
1404941181511
1404941209321
1404941209375
1404941813528
1404941841309
1404941841367
1404942445230
1404942472993
1404942473045
1404943083371
1404943111179
1404943121823
1404943704585
1404943732392
1404943742763
1404944328502
1404944356321
1404944367017
1404944947901
1404944975719
1404944986368
1404945567090
1404945594916
1404945605580
1404946186126
1404946213884
1404946224290
1404946804997
1404946832755
1404946843435
1404947423908
1404947451682
1404947462208
1404948044076
1404948071837
1404948082352
1404948663555
1404948691277
1404948701840
1404949296878
1404949325528
1404949934887
1404949963360
1404949973887
1404950567540
1404950596326
1404951207205
1404951235570
1404951845174
1404951873675
1404951884168
1404952490528
1404952518990
1404952529416
1404953128369
1404953156702
1404953167349
1404953770832
1404953799164
1404953809706
1404954403916
1404954432276
1404954442856
1404955039722
1404955067728
1404955078201
1404955719848
1404955749453
1404956386041
1404956416080
1404957066590
1404957096385
1404957766663
1404957795939
1404958453941
1404958483533
1404959136607
1404959166900
1404959792883
1404959822782
1404960449661
1404960479790
1404961120568
1404961150372
1404961787665
1404961817659
1404962510064
1404962541516
1404963254386
1404963285619
1404963999295
1404964039909
1404964051007
1404964735867
1404964776739
1404964787746
1404965491974
1404965523139
1404966192425
1404966223576
1404966966984
1404967007654
1404967715458
1404967746892
1404968476166
1404968507486
1404969206250
1404969237552
1404970034945
1404970088335
1404970829529
1404970861754
1404971637445
1404971670108
1404972475374
1404972507851
1404973272204
1404973304976
1404974075633
1404974107827
1404974865904
1404974903862
1404975678524
1404975711177
1404976486742
1404976535107
1404976545545
1404977298538
1404977336918
1404985487221
1404985514648
1404985514857
1404986118969
1404986146552
1404986157326
1404986741430
1404986769229
1404986769282
1404987375090
1404987402558
1404987402607
1404988006356
1404988034018
1404988034072
1404988631532
1404988659408
1404988659463
1404989271383
1404989299072
1404989299132
1404989912687
1404989940580
1404989940640
1404990546706
1404990574534
1404990574589
1404991182707
1404991210279
1404991210337
1404991798275
1404991826095
1404991836737
1404992421478
1404992449023
1404992460143
1404993043629
1404993071292
1404993082257
1404993673043
1404993700855
1404993711365
1404994292166
1404994320004
1404994330581
1404994911070
1404994938914
1404994949585
1404995547878
1404995575705
1404995586232
1404996166890
1404996194730
1404996205331
