0 17971.20000000000000000000 352.09557835474162625546
2 18057.60000000000000000000 311.11332824525534942663
4 18585.60000000000000000000 391.37280000000000000000
6 17692.80000000000000000000 299.23356396126421165524
8 17616.00000000000000000000 402.65800371431833740275
10 17520.00000000000000000000 322.59975754981589880382
12 19420.80000000000000000000 80.07307919744313167360
14 25545.60000000000000000000 8.20170425216613135588
16 28800.00000000000000000000 0
18 32102.40000000000000000000 15.05280000000000000000
20 35184.00000000000000000000 23.42573108357559883649
22 38448.00000000000000000000 20.17791204262720538633
24 41683.20000000000000000000 11.28960000000000000000
