0 4.86211037000000000000 .22868053061394658912
2 5.37769794000000000000 .17094498601603111169
4 5.35371699500000000000 .20221189554178154810
6 6.04316560000000000000 .03041565325203634024
8 8.03357300000000000000 0
10 9.95203900000000000000 0
12 11.99640317500000000000 .00572650630304172785
14 15.94724200000000000000 0
16 17.99760330000000000000 .00788247100596102414
18 20.02398100000000000000 0
20 21.94244600000000000000 0
22 23.98081600000000000000 0
24 26.02518120000000000000 .00572653018268787263
