0 33.50132745000000000000 .59270027728229007211
2 33.43495535000000000000 .48138112890924194448
4 33.70044220000000000000 .58598009930639787316
6 32.35088490000000000000 .61572930805918815041
8 32.83761095000000000000 .72065840616998903563
10 32.72699095000000000000 .52576874483627310322
12 32.22920325000000000000 .64508585506941247436
14 33.18053075000000000000 .70969389446835564540
16 33.08097360000000000000 .38666537007510022011
18 33.16860747368421052631 .41617601844420467792
20 34.65177005000000000000 .56712546331089780027
22 34.38628355000000000000 .66360722390926476332
24 34.35309705000000000000 .48492633077606806826
