0 44.02555000000000000000 .07690039065537963832
2 44.36460000000000000000 .11236462647470510770
4 44.48370000000000000000 .18626796993632587501
6 44.16540000000000000000 .08354965271501731382
8 44.62525000000000000000 .10256194845921171363
10 45.23470000000000000000 .06452814818511375815
12 45.96590000000000000000 .06638524991140727791
14 47.23595000000000000000 .04251062628273076853
16 48.16935000000000000000 .07636185138241476659
18 48.88545000000000000000 .03723951483236590180
20 49.65390000000000000000 .04002798573248471617
22 50.27695000000000000000 .03623929986837494077
24 50.96170000000000000000 .06047207902991263950
