0 30477.47368421052631578947 599.87343868386104764745
2 30295.57894736842105263157 482.38979109595592684433
4 30639.15789473684210526315 568.10611326547085485263
6 29305.26315789473684210526 617.01945605629001105409
8 29749.89473684210526315789 722.16844065522553129836
10 29729.68421052631578947368 542.93208535285515947739
12 29315.36842105263157894736 679.02474900875299392138
14 30396.63157894736842105263 574.30426870222721686929
16 30881.68421052631578947368 200.66479617112713674700
18 32144.84210526315789473684 29.44771110433121946037
20 37035.78947368421052631578 26.04957243411108273773
22 40451.36842105263157894736 17.34749485084229676251
24 43927.57894736842105263157 31.76506397915798311578
