0 42.07970000000000000000 .02650488766623997597
2 42.35615000000000000000 .02195738879170289683
4 43.43390000000000000000 .17676596207924194136
6 44.22205000000000000000 .21177802805992410127
8 44.63855000000000000000 .04304211292385632873
10 45.56225000000000000000 .18852375252935636385
12 46.15585000000000000000 .02187610199624238358
14 47.67900000000000000000 .02029345515184637058
16 48.55870000000000000000 .02428355168009819769
18 49.00580000000000000000 .03920463022654339485
20 49.69305000000000000000 .03869092096280469775
22 50.32085000000000000000 .03237927081560052673
24 51.13610000000000000000 .07489363960844739183
