0 20.97920360000000000000 .40571484505700576772
2 20.96814185000000000000 .34294353430776464726
4 21.51017710000000000000 .45644395831673831964
6 20.61415940000000000000 .34376498015892039819
8 20.40398210000000000000 .46562073789230759974
10 20.05000010000000000000 .46286650323910738036
12 20.78008855000000000000 .43516499812271870627
14 21.59867265000000000000 .38721818859410189906
16 21.16725675000000000000 .50036175096034057567
18 22.32876140000000000000 .47897773391909450370
20 22.88185870000000000000 .45180654559735403302
22 22.57212370000000000000 .41265377253247488244
24 23.19159280000000000000 .36004214432931956439
