0 11.22302172500000000000 .21988379300604767989
2 11.27697832500000000000 .19429040847655303673
4 11.60671465000000000000 .24441244015194316462
6 11.04916090000000000000 .18687146372753817609
8 11.00119910000000000000 .25146005841454686387
10 10.94124722500000000000 .20146363190002547204
12 12.12829752500000000000 .05000562517799943864
14 15.95323720000000000000 .00512196430547774903
16 17.98561300000000000000 0
18 20.04796180000000000000 .00940047360000000000
20 21.97242215000000000000 .01462943596987745935
22 24.01079195000000000000 .01260107408573757890
24 26.03117640000000000000 .00705035520000000000
