0 5.50000000000000000000 .15802025186665157318
2 5.35000000000000000000 .40299334982106094302
4 5.70000000000000000000 .62934009883369103497
6 4.65000000000000000000 .24224045904844219478
8 4.85000000000000000000 .62681707060353740815
10 3.10000000000000000000 .32738454453440528901
12 1.70000000000000000000 .24084883225791234879
14 1.05000000000000000000 .04271720964669860081
16 1.00000000000000000000 0
18 1.20000000000000000000 .07840000000000000000
20 1.25000000000000000000 .12200901606028957727
22 1.25000000000000000000 .10509329188868336138
24 1.10000000000000000000 .05880000000000000000
