0 7785.60000000000000000000 422.83003273466751228854
2 8611.20000000000000000000 316.07706507369369712856
4 8572.80000000000000000000 373.88959178024734097441
6 9676.80000000000000000000 56.23854473223858234873
8 12864.00000000000000000000 0
10 15936.00000000000000000000 0
12 19209.60000000000000000000 10.58835465971932770526
14 25536.00000000000000000000 0
16 28819.20000000000000000000 14.57481092844775122232
18 32064.00000000000000000000 0
20 35136.00000000000000000000 0
22 38400.00000000000000000000 0
24 41673.60000000000000000000 10.58835465971932770526
