0 6.94736842105263157894 .72687253676040464876
2 6.31578947368421052631 .25342197071734087632
4 6.31578947368421052631 .69483118640865928252
6 5.68421052631578947368 .25342197071734087632
8 5.52631578947368421052 .22863570767729169593
10 6.26315789473684210526 .53165264658285554046
12 6.26315789473684210526 .89868667034052135520
14 4.26315789473684210526 .42817448738904602463
16 2.26315789473684210526 .41980831834681496193
18 1.42105263157894736842 .15337349533505843468
20 1.21052631578947368421 .13526270878842990748
22 1.15789473684210526315 .09466417650237917076
24 1.26315789473684210526 .14199626475356875615
