0 42.68305000000000000000 .07803583377493957422
2 42.55980000000000000000 .04032134942186335112
4 43.24230000000000000000 .03545833800673686397
6 44.25375000000000000000 .07858496735222328766
8 44.59930000000000000000 .03481491206652689507
10 45.35440000000000000000 .04527024054276716563
12 46.09910000000000000000 .02378089695112444659
14 47.67955000000000000000 .06080738013555591427
16 48.44940000000000000000 .01857641636053628078
18 49.06165000000000000000 .05354898366355798539
20 49.67580000000000000000 .04045628651932024931
22 50.29690000000000000000 .04979164521349607570
24 51.07035000000000000000 .03560860938125310540
