0 9.24247800000000000000 .42194593660902692475
2 10.19380530000000000000 .31541617027320559710
4 10.11637155500000000000 .38434857468408095516
6 9.78451340000000000000 .31156427558666771319
8 10.11637173500000000000 .28946922626695066544
10 10.41504430000000000000 .31578851556690800942
12 10.24911520000000000000 .33967937327883531821
14 10.86858410000000000000 .35589898165861416496
16 10.64734515000000000000 .28841172753667238929
18 10.75796470000000000000 .27313421637446456737
20 11.07876115000000000000 .30939731779845573598
22 10.97920355000000000000 .32246324856736965358
24 12.12964595000000000000 .30253150346541329901
