0 18.14338094736842105263 .38774592689676265896
2 17.92881542105263157894 .31281206175316895843
4 18.14338050000000000000 .37135353495341849860
6 17.31036310526315789473 .39596568133437423408
8 17.76473594736842105263 .45561822494759880437
10 17.60696742105263157894 .35509639573929204876
12 17.30405202631578947368 .43451042047056999169
14 17.94774773684210526315 .36414243585727437072
16 18.32008178947368421052 .13190258970081375264
18 20.07446694736842105263 .01839013210220884588
20 21.96768910526315789473 .01621862816943383662
22 23.99974821052631578947 .01135061341934127206
24 26.05073963157894736842 .01702587674130774883
