0 49.27489473684210526315 .20599618952053959620
2 49.49063157894736842105 .22056091760933754421
4 49.16084210526315789473 .18057759659463258588
6 48.91278947368421052631 .20033032855969876006
8 49.06715789473684210526 .23787630382635376717
10 49.25110526315789473684 .28279302599378521368
12 49.08368421052631578947 .29294292153278376480
14 48.83957894736842105263 .23589955464307038467
16 48.40394736842105263157 .16108366167748227668
18 48.67510526315789473684 .15231648108280154630
20 49.25173684210526315789 .21494305610857917574
22 49.78005263157894736842 .11852304472737667949
24 50.66036842105263157894 .13882606076621248037
