0 2.15176990300000000000 .15052587485222591331
2 1.76460180000000000000 .09586521485804233172
4 1.78672569200000000000 .12956347400583986527
6 1.94159290300000000000 .12751547911884841105
8 2.16283189500000000000 .08723907920265631904
10 2.10752216100000000000 .12797546609873938495
12 1.86415929100000000000 .13889650214753551935
14 2.20707966500000000000 .12255274958100867561
16 2.22920356500000000000 .10733943028151530674
18 2.07433629500000000000 .13736079219507049519
20 2.12964604600000000000 .15888203347307548620
22 2.45044250500000000000 .14240168481179980248
24 2.37300884800000000000 .13840488704417001865
