0 46.65010000000000000000 .18072460696263804573
2 46.60085000000000000000 .21686017499428058886
4 46.51760000000000000000 .13560865572226575242
6 46.40820000000000000000 .16361336413386285481
8 46.50665000000000000000 .26303650265799612018
10 46.23495000000000000000 .20214910032683796240
12 46.30070000000000000000 .14146092253410480286
14 47.02590000000000000000 .06194882628266656675
16 47.66830000000000000000 .05562659473848817217
18 48.71905000000000000000 .10907781856523350916
20 49.41380000000000000000 .16390930813471210549
22 50.21830000000000000000 .13680649243438704579
24 50.90245000000000000000 .07807671362800819115
