53.19
52.56
52.701
52.448
52.674
53.133
65.558
52.87
52.695
52.523
53.19
52.56
52.701
52.448
52.674
53.133
65.558
52.87
52.695
52.523
53.19
52.56
52.701
52.448
52.674
53.133
65.558
52.87
52.695
52.523
53.19
52.56
52.701
52.448
52.674
53.133
65.558
52.87
52.695
52.523
53.19
52.56
52.701
52.448
52.674
53.133
65.558
52.87
52.695
52.523
53.19
52.56
52.701
52.448
52.674
53.133
65.558
52.87
52.695
52.523
53.19
52.56
52.701
52.448
52.674
53.133
65.558
52.87
52.695
52.523
53.19
52.56
52.701
52.448
52.674
53.133
65.558
52.87
52.695
52.523
53.19
52.56
52.701
52.448
52.674
53.133
65.558
52.87
52.695
52.523
53.19
52.56
52.701
52.448
52.674
53.133
65.558
52.87
52.695
52.523
