10.431655
11.990408
11.390887
11.990408
11.510792
10.31175
10.31175
12.470024
11.510792
12.230216
10.431655
11.990408
11.390887
11.990408
11.510792
10.31175
10.31175
12.470024
11.510792
12.230216
10.431655
11.990408
11.390887
11.990408
11.510792
10.31175
10.31175
12.470024
11.510792
12.230216
10.431655
11.990408
11.390887
11.990408
11.510792
10.31175
10.31175
12.470024
11.510792
12.230216
10.431655
11.990408
11.390887
11.990408
11.510792
10.31175
10.31175
12.470024
11.510792
12.230216
10.431655
11.990408
11.390887
11.990408
11.510792
10.31175
10.31175
12.470024
11.510792
12.230216
10.431655
11.990408
11.390887
11.990408
11.510792
10.31175
10.31175
12.470024
11.510792
12.230216
10.431655
11.990408
11.390887
11.990408
11.510792
10.31175
10.31175
12.470024
11.510792
12.230216
10.431655
11.990408
11.390887
11.990408
11.510792
10.31175
10.31175
12.470024
11.510792
12.230216
10.431655
11.990408
11.390887
11.990408
11.510792
10.31175
10.31175
12.470024
11.510792
12.230216
