15.094339
15.094339
15.094339
15.094339
15.094339
15.094339
15.094339
15.094339
15.094339
15.094339
15.094339
15.094339
15.094339
15.094339
15.094339
15.094339
15.094339
15.094339
15.094339
15.094339
15.094339
15.094339
15.094339
15.094339
15.094339
15.094339
15.094339
15.094339
15.094339
15.094339
15.094339
15.094339
15.094339
15.094339
15.094339
15.094339
15.094339
15.094339
15.094339
15.094339
15.094339
15.094339
15.094339
15.094339
15.094339
15.094339
15.094339
15.094339
15.094339
15.094339
15.094339
15.094339
15.094339
15.094339
15.094339
15.094339
15.094339
15.094339
15.094339
15.094339
15.094339
15.094339
15.094339
15.094339
15.094339
15.094339
15.094339
15.094339
15.094339
15.094339
15.094339
15.094339
15.094339
15.094339
15.094339
15.094339
15.094339
15.094339
