26.415094
26.415094
26.415094
26.415094
26.415094
26.415094
26.415094
26.415094
26.415094
26.415094
26.415094
26.415094
26.415094
26.415094
26.415094
26.415094
26.415094
26.415094
26.415094
26.415094
26.415094
26.415094
26.415094
26.415094
26.415094
26.415094
26.415094
26.415094
26.415094
26.415094
26.415094
26.415094
26.415094
26.415094
26.415094
26.415094
26.415094
26.415094
26.415094
26.415094
26.415094
26.415094
26.415094
26.415094
26.415094
26.415094
26.415094
26.415094
26.415094
26.415094
26.415094
26.415094
26.415094
26.415094
26.415094
26.415094
26.415094
26.415094
26.415094
26.415094
