11.630695
10.671463
12.1103115
11.510792
11.031175
11.630695
12.589928
10.5515585
11.990408
12.230216
11.630695
10.671463
12.1103115
11.510792
11.031175
11.630695
12.589928
10.5515585
11.990408
12.230216
11.630695
10.671463
12.1103115
11.510792
11.031175
11.630695
12.589928
10.5515585
11.990408
12.230216
11.630695
10.671463
12.1103115
11.510792
11.031175
11.630695
12.589928
10.5515585
11.990408
12.230216
11.630695
10.671463
12.1103115
11.510792
11.031175
11.630695
12.589928
10.5515585
11.990408
12.230216
11.630695
10.671463
12.1103115
11.510792
11.031175
11.630695
12.589928
10.5515585
11.990408
12.230216
11.630695
10.671463
12.1103115
11.510792
11.031175
11.630695
12.589928
10.5515585
11.990408
12.230216
11.630695
10.671463
12.1103115
11.510792
11.031175
11.630695
12.589928
10.5515585
11.990408
12.230216
11.630695
10.671463
12.1103115
11.510792
11.031175
11.630695
12.589928
10.5515585
11.990408
12.230216
11.630695
10.671463
12.1103115
11.510792
11.031175
11.630695
12.589928
10.5515585
11.990408
12.230216
