11.630695
9.952039
12.589929
11.630695
10.31175
11.390887
10.071942
13.069545
10.671463
10.071942
11.630695
9.952039
12.589929
11.630695
10.31175
11.390887
10.071942
13.069545
10.671463
10.071942
11.630695
9.952039
12.589929
11.630695
10.31175
11.390887
10.071942
13.069545
10.671463
10.071942
11.630695
9.952039
12.589929
11.630695
10.31175
11.390887
10.071942
13.069545
10.671463
10.071942
11.630695
9.952039
12.589929
11.630695
10.31175
11.390887
10.071942
13.069545
10.671463
10.071942
11.630695
9.952039
12.589929
11.630695
10.31175
11.390887
10.071942
13.069545
10.671463
10.071942
11.630695
9.952039
12.589929
11.630695
10.31175
11.390887
10.071942
13.069545
10.671463
10.071942
11.630695
9.952039
12.589929
11.630695
10.31175
11.390887
10.071942
13.069545
10.671463
10.071942
11.630695
9.952039
12.589929
11.630695
10.31175
11.390887
10.071942
13.069545
10.671463
10.071942
11.630695
9.952039
12.589929
11.630695
10.31175
11.390887
10.071942
13.069545
10.671463
10.071942
