11.870503
11.151079
9.832134
10.911271
9.592326
12.949639
13.189448
11.270984
9.352518
12.829736
11.870503
11.151079
9.832134
10.911271
9.592326
12.949639
13.189448
11.270984
9.352518
12.829736
11.870503
11.151079
9.832134
10.911271
9.592326
12.949639
13.189448
11.270984
9.352518
12.829736
11.870503
11.151079
9.832134
10.911271
9.592326
12.949639
13.189448
11.270984
9.352518
12.829736
11.870503
11.151079
9.832134
10.911271
9.592326
12.949639
13.189448
11.270984
9.352518
12.829736
11.870503
11.151079
9.832134
10.911271
9.592326
12.949639
13.189448
11.270984
9.352518
12.829736
11.870503
11.151079
9.832134
10.911271
9.592326
12.949639
13.189448
11.270984
9.352518
12.829736
11.870503
11.151079
9.832134
10.911271
9.592326
12.949639
13.189448
11.270984
9.352518
12.829736
11.870503
11.151079
9.832134
10.911271
9.592326
12.949639
13.189448
11.270984
9.352518
12.829736
11.870503
11.151079
9.832134
10.911271
9.592326
12.949639
13.189448
11.270984
9.352518
12.829736
