0.6637168
0.22123894
0.44247788
0.22123894
0.44247788
0.22123894
0.6637168
0.6637168
0.22123894
0.22123894
0.6637168
1.5486726
1.1061947
0.88495576
1.3274336
1.1061947
0.6637168
0.44247788
0.6637168
0.22123894
0.44247788
0.22123894
0.44247788
0.22123894
0.6637168
0.6637168
0.22123894
0.22123894
0.6637168
1.5486726
1.1061947
0.88495576
1.3274336
1.1061947
0.6637168
0.44247788
0.88495576
0.6637168
0.6637168
0.22123894
0.44247788
0.22123894
0.44247788
0.22123894
0.6637168
0.6637168
0.22123894
0.22123894
0.6637168
1.5486726
1.1061947
0.88495576
1.3274336
1.1061947
0.6637168
0.44247788
0.88495576
0.6637168
0.6637168
0.22123894
0.44247788
0.22123894
0.44247788
0.22123894
0.6637168
0.6637168
0.22123894
0.22123894
0.6637168
1.5486726
1.1061947
0.88495576
1.3274336
1.1061947
0.6637168
0.44247788
0.88495576
0.6637168
