11.7506
10.191847
11.151079
10.5515585
10.191847
10.071942
12.35012
13.549161
12.829736
10.071942
11.7506
10.191847
11.151079
10.5515585
10.191847
10.071942
12.35012
13.549161
12.829736
10.071942
11.7506
10.191847
11.151079
10.5515585
10.191847
10.071942
12.35012
13.549161
12.829736
10.071942
11.7506
10.191847
11.151079
10.5515585
10.191847
10.071942
12.35012
13.549161
12.829736
10.071942
11.7506
10.191847
11.151079
10.5515585
10.191847
10.071942
12.35012
13.549161
12.829736
10.071942
11.7506
10.191847
11.151079
10.5515585
10.191847
10.071942
12.35012
13.549161
12.829736
10.071942
11.7506
10.191847
11.151079
10.5515585
10.191847
10.071942
12.35012
13.549161
12.829736
10.071942
11.7506
10.191847
11.151079
10.5515585
10.191847
10.071942
12.35012
13.549161
12.829736
10.071942
11.7506
10.191847
11.151079
10.5515585
10.191847
10.071942
12.35012
13.549161
12.829736
10.071942
11.7506
10.191847
11.151079
10.5515585
10.191847
10.071942
12.35012
13.549161
12.829736
10.071942
