55.216
54.926
55.119
54.964
56.962
68.378
54.889
54.966
55.019
54.989
55.216
54.926
55.119
54.964
56.962
68.378
54.889
54.966
55.019
54.989
55.216
54.926
55.119
54.964
56.962
68.378
54.889
54.966
55.019
54.989
55.216
54.926
55.119
54.964
56.962
68.378
54.889
54.966
55.019
54.989
55.216
54.926
55.119
54.964
56.962
68.378
54.889
54.966
55.019
54.989
55.216
54.926
55.119
54.964
56.962
68.378
54.889
54.966
55.019
54.989
55.216
54.926
55.119
54.964
56.962
68.378
54.889
54.966
55.019
54.989
55.216
54.926
55.119
54.964
56.962
68.378
54.889
54.966
55.019
54.989
55.216
54.926
55.119
54.964
56.962
68.378
54.889
54.966
55.019
54.989
55.216
54.926
55.119
54.964
56.962
68.378
54.889
54.966
55.019
54.989
