26496
26112
26112
26112
26112
26112
26112
26496
26112
26112
26496
26112
26112
26112
26112
26112
26112
26496
26112
26112
26496
26112
26112
26112
26112
26112
26112
26496
26112
26112
26496
26112
26112
26112
26112
26112
26112
26496
26112
26112
26496
26112
26112
26112
26112
26112
26112
26496
26112
26112
26496
26112
26112
26112
26112
26112
26112
26496
26112
26112
26496
26112
26112
26112
26112
26112
26112
26496
26112
26112
26496
26112
26112
26112
26112
26112
26112
26496
26112
26112
26496
26112
26112
26112
26112
26112
26112
26496
26112
26112
26496
26112
26112
26112
26112
26112
26112
26496
26112
26112
