0.44247788
0.6637168
0.6637168
0.44247788
0.44247788
0.88495576
0.6637168
1.1061947
0.22123894
1.1061947
0.6637168
0.22123894
0.6637168
0.44247788
0.44247788
0.44247788
0.6637168
0.6637168
0.44247788
1.1061947
0.44247788
0.6637168
0.6637168
0.44247788
0.44247788
0.88495576
0.6637168
1.1061947
0.22123894
1.1061947
0.6637168
0.22123894
0.6637168
0.44247788
0.44247788
0.44247788
0.6637168
0.6637168
0.44247788
1.1061947
0.44247788
0.6637168
0.6637168
0.44247788
0.44247788
0.88495576
0.6637168
1.1061947
0.22123894
1.1061947
0.6637168
0.22123894
0.6637168
0.44247788
0.44247788
0.44247788
0.6637168
0.6637168
0.44247788
1.1061947
