33024
32640
32640
32640
32640
32640
33024
32640
32640
32640
33024
32640
32640
32640
32640
32640
33024
32640
32640
32640
33024
32640
32640
32640
32640
32640
33024
32640
32640
32640
33024
32640
32640
32640
32640
32640
33024
32640
32640
32640
33024
32640
32640
32640
32640
32640
33024
32640
32640
32640
33024
32640
32640
32640
32640
32640
33024
32640
32640
32640
33024
32640
32640
32640
32640
32640
33024
32640
32640
32640
33024
32640
32640
32640
32640
32640
33024
32640
32640
32640
33024
32640
32640
32640
32640
32640
33024
32640
32640
32640
33024
32640
32640
32640
32640
32640
33024
32640
32640
32640
