20.6235
20.383694
20.383694
20.383694
20.383694
20.383694
20.6235
20.383694
20.383694
20.383694
20.6235
20.383694
20.383694
20.383694
20.383694
20.383694
20.6235
20.383694
20.383694
20.383694
20.6235
20.383694
20.383694
20.383694
20.383694
20.383694
20.6235
20.383694
20.383694
20.383694
20.6235
20.383694
20.383694
20.383694
20.383694
20.383694
20.6235
20.383694
20.383694
20.383694
20.6235
20.383694
20.383694
20.383694
20.383694
20.383694
20.6235
20.383694
20.383694
20.383694
20.6235
20.383694
20.383694
20.383694
20.383694
20.383694
20.6235
20.383694
20.383694
20.383694
20.6235
20.383694
20.383694
20.383694
20.383694
20.383694
20.6235
20.383694
20.383694
20.383694
20.6235
20.383694
20.383694
20.383694
20.383694
20.383694
20.6235
20.383694
20.383694
20.383694
20.6235
20.383694
20.383694
20.383694
20.383694
20.383694
20.6235
20.383694
20.383694
20.383694
20.6235
20.383694
20.383694
20.383694
20.383694
20.383694
20.6235
20.383694
20.383694
20.383694
