55.591
66.423
61.238
66.256
80.784
50.707
50.519
71.318
70.957
61.317
55.591
66.423
61.238
66.256
80.784
50.707
50.519
71.318
70.957
61.317
55.591
66.423
61.238
66.256
80.784
50.707
50.519
71.318
70.957
61.317
55.591
66.423
61.238
66.256
80.784
50.707
50.519
71.318
70.957
61.317
55.591
66.423
61.238
66.256
80.784
50.707
50.519
71.318
70.957
61.317
55.591
66.423
61.238
66.256
80.784
50.707
50.519
71.318
70.957
61.317
55.591
66.423
61.238
66.256
80.784
50.707
50.519
71.318
70.957
61.317
55.591
66.423
61.238
66.256
80.784
50.707
50.519
71.318
70.957
61.317
55.591
66.423
61.238
66.256
80.784
50.707
50.519
71.318
70.957
61.317
55.591
66.423
61.238
66.256
80.784
50.707
50.519
71.318
70.957
61.317
