12.94964
11.270983
10.791367
8.633094
11.630695
9.472422
11.7506
11.870503
12.709832
12.35012
12.94964
11.270983
10.791367
8.633094
11.630695
9.472422
11.7506
11.870503
12.709832
12.35012
12.94964
11.270983
10.791367
8.633094
11.630695
9.472422
11.7506
11.870503
12.709832
12.35012
12.94964
11.270983
10.791367
8.633094
11.630695
9.472422
11.7506
11.870503
12.709832
12.35012
12.94964
11.270983
10.791367
8.633094
11.630695
9.472422
11.7506
11.870503
12.709832
12.35012
12.94964
11.270983
10.791367
8.633094
11.630695
9.472422
11.7506
11.870503
12.709832
12.35012
12.94964
11.270983
10.791367
8.633094
11.630695
9.472422
11.7506
11.870503
12.709832
12.35012
12.94964
11.270983
10.791367
8.633094
11.630695
9.472422
11.7506
11.870503
12.709832
12.35012
12.94964
11.270983
10.791367
8.633094
11.630695
9.472422
11.7506
11.870503
12.709832
12.35012
12.94964
11.270983
10.791367
8.633094
11.630695
9.472422
11.7506
11.870503
12.709832
12.35012
