16.546762
16.306955
16.306955
16.306955
16.306955
16.306955
16.306955
16.546762
16.306955
16.306955
16.546762
16.306955
16.306955
16.306955
16.306955
16.306955
16.306955
16.546762
16.306955
16.306955
16.546762
16.306955
16.306955
16.306955
16.306955
16.306955
16.306955
16.546762
16.306955
16.306955
16.546762
16.306955
16.306955
16.306955
16.306955
16.306955
16.306955
16.546762
16.306955
16.306955
16.546762
16.306955
16.306955
16.306955
16.306955
16.306955
16.306955
16.546762
16.306955
16.306955
16.546762
16.306955
16.306955
16.306955
16.306955
16.306955
16.306955
16.546762
16.306955
16.306955
16.546762
16.306955
16.306955
16.306955
16.306955
16.306955
16.306955
16.546762
16.306955
16.306955
16.546762
16.306955
16.306955
16.306955
16.306955
16.306955
16.306955
16.546762
16.306955
16.306955
16.546762
16.306955
16.306955
16.306955
16.306955
16.306955
16.306955
16.546762
16.306955
16.306955
16.546762
16.306955
16.306955
16.306955
16.306955
16.306955
16.306955
16.546762
16.306955
16.306955
