19008
17856
15744
17472
15360
20736
21120
18048
14976
20544
19008
17856
15744
17472
15360
20736
21120
18048
14976
20544
19008
17856
15744
17472
15360
20736
21120
18048
14976
20544
19008
17856
15744
17472
15360
20736
21120
18048
14976
20544
19008
17856
15744
17472
15360
20736
21120
18048
14976
20544
19008
17856
15744
17472
15360
20736
21120
18048
14976
20544
19008
17856
15744
17472
15360
20736
21120
18048
14976
20544
19008
17856
15744
17472
15360
20736
21120
18048
14976
20544
19008
17856
15744
17472
15360
20736
21120
18048
14976
20544
19008
17856
15744
17472
15360
20736
21120
18048
14976
20544
