16704
19200
18240
19200
18432
16512
16512
19968
18432
19584
16704
19200
18240
19200
18432
16512
16512
19968
18432
19584
16704
19200
18240
19200
18432
16512
16512
19968
18432
19584
16704
19200
18240
19200
18432
16512
16512
19968
18432
19584
16704
19200
18240
19200
18432
16512
16512
19968
18432
19584
16704
19200
18240
19200
18432
16512
16512
19968
18432
19584
16704
19200
18240
19200
18432
16512
16512
19968
18432
19584
16704
19200
18240
19200
18432
16512
16512
19968
18432
19584
16704
19200
18240
19200
18432
16512
16512
19968
18432
19584
16704
19200
18240
19200
18432
16512
16512
19968
18432
19584
