29376
29376
29376
29376
29376
29376
29760
29376
29376
29376
29376
29376
29376
29376
29376
29376
29760
29376
29376
29376
29376
29376
29376
29376
29376
29376
29760
29376
29376
29376
29376
29376
29376
29376
29376
29376
29760
29376
29376
29376
29376
29376
29376
29376
29376
29376
29760
29376
29376
29376
29376
29376
29376
29376
29376
29376
29760
29376
29376
29376
29376
29376
29376
29376
29376
29376
29760
29376
29376
29376
29376
29376
29376
29376
29376
29376
29760
29376
29376
29376
29376
29376
29376
29376
29376
29376
29760
29376
29376
29376
29376
29376
29376
29376
29376
29376
29760
29376
29376
29376
