12.35012
11.390887
13.6690645
10.431655
10.671463
11.031175
8.872902
11.870503
11.630695
12.1103115
12.35012
11.390887
13.6690645
10.431655
10.671463
11.031175
8.872902
11.870503
11.630695
12.1103115
12.35012
11.390887
13.6690645
10.431655
10.671463
11.031175
8.872902
11.870503
11.630695
12.1103115
12.35012
11.390887
13.6690645
10.431655
10.671463
11.031175
8.872902
11.870503
11.630695
12.1103115
12.35012
11.390887
13.6690645
10.431655
10.671463
11.031175
8.872902
11.870503
11.630695
12.1103115
12.35012
11.390887
13.6690645
10.431655
10.671463
11.031175
8.872902
11.870503
11.630695
12.1103115
12.35012
11.390887
13.6690645
10.431655
10.671463
11.031175
8.872902
11.870503
11.630695
12.1103115
12.35012
11.390887
13.6690645
10.431655
10.671463
11.031175
8.872902
11.870503
11.630695
12.1103115
12.35012
11.390887
13.6690645
10.431655
10.671463
11.031175
8.872902
11.870503
11.630695
12.1103115
12.35012
11.390887
13.6690645
10.431655
10.671463
11.031175
8.872902
11.870503
11.630695
12.1103115
