24.340528
24.340528
24.340528
24.340528
24.340528
24.580336
24.340528
24.340528
24.340528
24.340528
24.340528
24.340528
24.340528
24.340528
24.340528
24.580336
24.340528
24.340528
24.340528
24.340528
24.340528
24.340528
24.340528
24.340528
24.340528
24.580336
24.340528
24.340528
24.340528
24.340528
24.340528
24.340528
24.340528
24.340528
24.340528
24.580336
24.340528
24.340528
24.340528
24.340528
24.340528
24.340528
24.340528
24.340528
24.340528
24.580336
24.340528
24.340528
24.340528
24.340528
24.340528
24.340528
24.340528
24.340528
24.340528
24.580336
24.340528
24.340528
24.340528
24.340528
24.340528
24.340528
24.340528
24.340528
24.340528
24.580336
24.340528
24.340528
24.340528
24.340528
24.340528
24.340528
24.340528
24.340528
24.340528
24.580336
24.340528
24.340528
24.340528
24.340528
24.340528
24.340528
24.340528
24.340528
24.340528
24.580336
24.340528
24.340528
24.340528
24.340528
24.340528
24.340528
24.340528
24.340528
24.340528
24.580336
24.340528
24.340528
24.340528
24.340528
