18624
15936
20160
18624
16512
18240
16128
20928
17088
16128
18624
15936
20160
18624
16512
18240
16128
20928
17088
16128
18624
15936
20160
18624
16512
18240
16128
20928
17088
16128
18624
15936
20160
18624
16512
18240
16128
20928
17088
16128
18624
15936
20160
18624
16512
18240
16128
20928
17088
16128
18624
15936
20160
18624
16512
18240
16128
20928
17088
16128
18624
15936
20160
18624
16512
18240
16128
20928
17088
16128
18624
15936
20160
18624
16512
18240
16128
20928
17088
16128
18624
15936
20160
18624
16512
18240
16128
20928
17088
16128
18624
15936
20160
18624
16512
18240
16128
20928
17088
16128
