18816
16320
17856
16896
16320
16128
19776
21696
20544
16128
18816
16320
17856
16896
16320
16128
19776
21696
20544
16128
18816
16320
17856
16896
16320
16128
19776
21696
20544
16128
18816
16320
17856
16896
16320
16128
19776
21696
20544
16128
18816
16320
17856
16896
16320
16128
19776
21696
20544
16128
18816
16320
17856
16896
16320
16128
19776
21696
20544
16128
18816
16320
17856
16896
16320
16128
19776
21696
20544
16128
18816
16320
17856
16896
16320
16128
19776
21696
20544
16128
18816
16320
17856
16896
16320
16128
19776
21696
20544
16128
18816
16320
17856
16896
16320
16128
19776
21696
20544
16128
