71.063
78.357
66.044
90.698
78.322
65.727
71.249
66.501
96.696
80.26
71.063
78.357
66.044
90.698
78.322
65.727
71.249
66.501
96.696
80.26
71.063
78.357
66.044
90.698
78.322
65.727
71.249
66.501
96.696
80.26
71.063
78.357
66.044
90.698
78.322
65.727
71.249
66.501
96.696
80.26
71.063
78.357
66.044
90.698
78.322
65.727
71.249
66.501
96.696
80.26
71.063
78.357
66.044
90.698
78.322
65.727
71.249
66.501
96.696
80.26
71.063
78.357
66.044
90.698
78.322
65.727
71.249
66.501
96.696
80.26
71.063
78.357
66.044
90.698
78.322
65.727
71.249
66.501
96.696
80.26
71.063
78.357
66.044
90.698
78.322
65.727
71.249
66.501
96.696
80.26
71.063
78.357
66.044
90.698
78.322
65.727
71.249
66.501
96.696
80.26
