66.066
70.866
65.428
65.901
65.308
66.56
71.64
71.092
65.402
66.641
66.066
70.866
65.428
65.901
65.308
66.56
71.64
71.092
65.402
66.641
66.066
70.866
65.428
65.901
65.308
66.56
71.64
71.092
65.402
66.641
66.066
70.866
65.428
65.901
65.308
66.56
71.64
71.092
65.402
66.641
66.066
70.866
65.428
65.901
65.308
66.56
71.64
71.092
65.402
66.641
66.066
70.866
65.428
65.901
65.308
66.56
71.64
71.092
65.402
66.641
66.066
70.866
65.428
65.901
65.308
66.56
71.64
71.092
65.402
66.641
66.066
70.866
65.428
65.901
65.308
66.56
71.64
71.092
65.402
66.641
66.066
70.866
65.428
65.901
65.308
66.56
71.64
71.092
65.402
66.641
66.066
70.866
65.428
65.901
65.308
66.56
71.64
71.092
65.402
66.641
