55.68
55.831
55.793
55.539
55.682
55.881
55.447
55.964
55.753
55.967
55.68
55.831
55.793
55.539
55.682
55.881
55.447
55.964
55.753
55.967
55.68
55.831
55.793
55.539
55.682
55.881
55.447
55.964
55.753
55.967
55.68
55.831
55.793
55.539
55.682
55.881
55.447
55.964
55.753
55.967
55.68
55.831
55.793
55.539
55.682
55.881
55.447
55.964
55.753
55.967
55.68
55.831
55.793
55.539
55.682
55.881
55.447
55.964
55.753
55.967
55.68
55.831
55.793
55.539
55.682
55.881
55.447
55.964
55.753
55.967
55.68
55.831
55.793
55.539
55.682
55.881
55.447
55.964
55.753
55.967
55.68
55.831
55.793
55.539
55.682
55.881
55.447
55.964
55.753
55.967
55.68
55.831
55.793
55.539
55.682
55.881
55.447
55.964
55.753
55.967
