22.64151
22.64151
22.64151
22.64151
26.415094
22.64151
22.64151
22.64151
22.64151
22.64151
22.64151
22.64151
22.64151
22.64151
22.64151
22.64151
22.64151
22.64151
22.64151
22.64151
22.64151
22.64151
26.415094
22.64151
22.64151
22.64151
22.64151
22.64151
22.64151
22.64151
22.64151
22.64151
22.64151
22.64151
22.64151
22.64151
22.64151
22.64151
22.64151
22.64151
22.64151
22.64151
26.415094
22.64151
22.64151
22.64151
22.64151
22.64151
22.64151
22.64151
22.64151
22.64151
22.64151
22.64151
22.64151
22.64151
22.64151
22.64151
22.64151
22.64151
22.64151
22.64151
26.415094
22.64151
22.64151
22.64151
22.64151
22.64151
22.64151
22.64151
22.64151
22.64151
22.64151
22.64151
22.64151
22.64151
22.64151
22.64151
