11.870503
11.031176
13.069545
14.38849
12.589929
9.952039
13.429257
12.1103115
12.470024
12.1103115
11.870503
11.031176
13.069545
14.38849
12.589929
9.952039
13.429257
12.1103115
12.470024
12.1103115
11.870503
11.031176
13.069545
14.38849
12.589929
9.952039
13.429257
12.1103115
12.470024
12.1103115
11.870503
11.031176
13.069545
14.38849
12.589929
9.952039
13.429257
12.1103115
12.470024
12.1103115
11.870503
11.031176
13.069545
14.38849
12.589929
9.952039
13.429257
12.1103115
12.470024
12.1103115
11.870503
11.031176
13.069545
14.38849
12.589929
9.952039
13.429257
12.1103115
12.470024
12.1103115
11.870503
11.031176
13.069545
14.38849
12.589929
9.952039
13.429257
12.1103115
12.470024
12.1103115
11.870503
11.031176
13.069545
14.38849
12.589929
9.952039
13.429257
12.1103115
12.470024
12.1103115
11.870503
11.031176
13.069545
14.38849
12.589929
9.952039
13.429257
12.1103115
12.470024
12.1103115
11.870503
11.031176
13.069545
14.38849
12.589929
9.952039
13.429257
12.1103115
12.470024
12.1103115
