30.188679
30.188679
30.188679
30.188679
30.188679
30.188679
30.188679
30.188679
30.188679
30.188679
30.188679
30.188679
30.188679
30.188679
30.188679
30.188679
30.188679
30.188679
30.188679
30.188679
30.188679
30.188679
30.188679
30.188679
30.188679
30.188679
30.188679
30.188679
30.188679
30.188679
30.188679
30.188679
30.188679
30.188679
30.188679
30.188679
30.188679
30.188679
30.188679
30.188679
30.188679
30.188679
30.188679
30.188679
30.188679
30.188679
30.188679
30.188679
30.188679
30.188679
30.188679
30.188679
30.188679
30.188679
30.188679
30.188679
30.188679
30.188679
30.188679
30.188679
