21120
19776
19776
19776
19776
19776
19776
19776
20736
20160
21120
19776
19776
19776
19776
19776
19776
19776
20736
20160
21120
19776
19776
19776
19776
19776
19776
19776
20736
20160
21120
19776
19776
19776
19776
19776
19776
19776
20736
20160
21120
19776
19776
19776
19776
19776
19776
19776
20736
20160
21120
19776
19776
19776
19776
19776
19776
19776
20736
20160
21120
19776
19776
19776
19776
19776
19776
19776
20736
20160
21120
19776
19776
19776
19776
19776
19776
19776
20736
20160
21120
19776
19776
19776
19776
19776
19776
19776
20736
20160
21120
19776
19776
19776
19776
19776
19776
19776
20736
20160
