13.189448
12.35012
12.35012
12.35012
12.35012
12.35012
12.35012
12.35012
12.949639
12.589929
13.189448
12.35012
12.35012
12.35012
12.35012
12.35012
12.35012
12.35012
12.949639
12.589929
13.189448
12.35012
12.35012
12.35012
12.35012
12.35012
12.35012
12.35012
12.949639
12.589929
13.189448
12.35012
12.35012
12.35012
12.35012
12.35012
12.35012
12.35012
12.949639
12.589929
13.189448
12.35012
12.35012
12.35012
12.35012
12.35012
12.35012
12.35012
12.949639
12.589929
13.189448
12.35012
12.35012
12.35012
12.35012
12.35012
12.35012
12.35012
12.949639
12.589929
13.189448
12.35012
12.35012
12.35012
12.35012
12.35012
12.35012
12.35012
12.949639
12.589929
13.189448
12.35012
12.35012
12.35012
12.35012
12.35012
12.35012
12.35012
12.949639
12.589929
13.189448
12.35012
12.35012
12.35012
12.35012
12.35012
12.35012
12.35012
12.949639
12.589929
13.189448
12.35012
12.35012
12.35012
12.35012
12.35012
12.35012
12.35012
12.949639
12.589929
