28.301886
28.301886
28.301886
32.07547
28.301886
28.301886
28.301886
28.301886
28.301886
28.301886
28.301886
28.301886
28.301886
28.301886
28.301886
28.301886
28.301886
28.301886
28.301886
32.07547
28.301886
28.301886
28.301886
32.07547
28.301886
28.301886
28.301886
28.301886
28.301886
28.301886
28.301886
28.301886
28.301886
28.301886
28.301886
28.301886
28.301886
28.301886
28.301886
32.07547
28.301886
28.301886
28.301886
32.07547
28.301886
28.301886
28.301886
28.301886
28.301886
28.301886
28.301886
28.301886
28.301886
28.301886
28.301886
28.301886
28.301886
28.301886
28.301886
32.07547
