10.191847
11.7506
11.151079
11.7506
11.270983
9.832134
9.832134
12.230216
11.031175
11.990408
10.191847
11.7506
11.151079
11.7506
11.270983
9.832134
9.832134
12.230216
11.031175
11.990408
10.191847
11.7506
11.151079
11.7506
11.270983
9.832134
9.832134
12.230216
11.031175
11.990408
10.191847
11.7506
11.151079
11.7506
11.270983
9.832134
9.832134
12.230216
11.031175
11.990408
10.191847
11.7506
11.151079
11.7506
11.270983
9.832134
9.832134
12.230216
11.031175
11.990408
10.191847
11.7506
11.151079
11.7506
11.270983
9.832134
9.832134
12.230216
11.031175
11.990408
10.191847
11.7506
11.151079
11.7506
11.270983
9.832134
9.832134
12.230216
11.031175
11.990408
10.191847
11.7506
11.151079
11.7506
11.270983
9.832134
9.832134
12.230216
11.031175
11.990408
10.191847
11.7506
11.151079
11.7506
11.270983
9.832134
9.832134
12.230216
11.031175
11.990408
10.191847
11.7506
11.151079
11.7506
11.270983
9.832134
9.832134
12.230216
11.031175
11.990408
