38976
38976
38976
38976
38976
39360
38976
38976
38976
38976
38976
38976
38976
38976
38976
39360
38976
38976
38976
38976
38976
38976
38976
38976
38976
39360
38976
38976
38976
38976
38976
38976
38976
38976
38976
39360
38976
38976
38976
38976
38976
38976
38976
38976
38976
39360
38976
38976
38976
38976
38976
38976
38976
38976
38976
39360
38976
38976
38976
38976
38976
38976
38976
38976
38976
39360
38976
38976
38976
38976
38976
38976
38976
38976
38976
39360
38976
38976
38976
38976
38976
38976
38976
38976
38976
39360
38976
38976
38976
38976
38976
38976
38976
38976
38976
39360
38976
38976
38976
38976
