11.320755
15.094339
11.320755
11.320755
11.320755
15.094339
11.320755
11.320755
11.320755
11.320755
11.320755
11.320755
11.320755
16.981133
11.320755
11.320755
11.320755
11.320755
11.320755
15.094339
11.320755
11.320755
11.320755
15.094339
11.320755
11.320755
11.320755
11.320755
11.320755
11.320755
11.320755
16.981133
11.320755
11.320755
11.320755
11.320755
11.320755
15.094339
11.320755
15.094339
11.320755
11.320755
11.320755
15.094339
11.320755
11.320755
11.320755
11.320755
11.320755
11.320755
11.320755
16.981133
11.320755
11.320755
11.320755
11.320755
11.320755
15.094339
11.320755
15.094339
11.320755
11.320755
11.320755
15.094339
11.320755
11.320755
11.320755
11.320755
11.320755
11.320755
11.320755
16.981133
11.320755
11.320755
11.320755
11.320755
11.320755
15.094339
