18.867926
18.867926
18.867926
18.867926
18.867926
22.64151
18.867926
18.867926
18.867926
18.867926
18.867926
18.867926
18.867926
18.867926
18.867926
18.867926
18.867926
18.867926
18.867926
18.867926
18.867926
18.867926
18.867926
22.64151
18.867926
18.867926
18.867926
18.867926
18.867926
18.867926
18.867926
18.867926
18.867926
18.867926
18.867926
18.867926
18.867926
18.867926
18.867926
18.867926
18.867926
18.867926
18.867926
22.64151
18.867926
18.867926
18.867926
18.867926
18.867926
18.867926
18.867926
18.867926
18.867926
18.867926
18.867926
18.867926
18.867926
18.867926
18.867926
18.867926
18.867926
18.867926
18.867926
22.64151
18.867926
18.867926
18.867926
18.867926
18.867926
18.867926
18.867926
18.867926
18.867926
18.867926
18.867926
18.867926
18.867926
18.867926
