76.514
51.074
50.986
51.057
51.128
50.922
51.137
51.287
81.806
71.571
76.514
51.074
50.986
51.057
51.128
50.922
51.137
51.287
81.806
71.571
76.514
51.074
50.986
51.057
51.128
50.922
51.137
51.287
81.806
71.571
76.514
51.074
50.986
51.057
51.128
50.922
51.137
51.287
81.806
71.571
76.514
51.074
50.986
51.057
51.128
50.922
51.137
51.287
81.806
71.571
76.514
51.074
50.986
51.057
51.128
50.922
51.137
51.287
81.806
71.571
76.514
51.074
50.986
51.057
51.128
50.922
51.137
51.287
81.806
71.571
76.514
51.074
50.986
51.057
51.128
50.922
51.137
51.287
81.806
71.571
76.514
51.074
50.986
51.057
51.128
50.922
51.137
51.287
81.806
71.571
76.514
51.074
50.986
51.057
51.128
50.922
51.137
51.287
81.806
71.571
