13.207547
5.6603775
9.433963
9.433963
9.433963
5.6603775
11.320755
9.433963
9.433963
5.6603775
16.981133
9.433963
5.6603775
5.6603775
9.433963
9.433963
5.6603775
9.433963
13.207547
5.6603775
9.433963
9.433963
9.433963
5.6603775
11.320755
9.433963
9.433963
5.6603775
16.981133
9.433963
5.6603775
5.6603775
9.433963
9.433963
5.6603775
9.433963
9.433963
11.320755
13.207547
5.6603775
9.433963
9.433963
9.433963
5.6603775
11.320755
9.433963
9.433963
5.6603775
16.981133
9.433963
5.6603775
5.6603775
9.433963
9.433963
5.6603775
9.433963
9.433963
11.320755
13.207547
5.6603775
9.433963
9.433963
9.433963
5.6603775
11.320755
9.433963
9.433963
5.6603775
16.981133
9.433963
5.6603775
5.6603775
9.433963
9.433963
5.6603775
9.433963
9.433963
11.320755
