35712
35712
35712
35712
36096
35712
35712
35712
35712
35712
35712
35712
35712
35712
36096
35712
35712
35712
35712
35712
35712
35712
35712
35712
36096
35712
35712
35712
35712
35712
35712
35712
35712
35712
36096
35712
35712
35712
35712
35712
35712
35712
35712
35712
36096
35712
35712
35712
35712
35712
35712
35712
35712
35712
36096
35712
35712
35712
35712
35712
35712
35712
35712
35712
36096
35712
35712
35712
35712
35712
35712
35712
35712
35712
36096
35712
35712
35712
35712
35712
35712
35712
35712
35712
36096
35712
35712
35712
35712
35712
35712
35712
35712
35712
36096
35712
35712
35712
35712
35712
