65.3
51.846
52.312
51.666
52.065
52.118
52.03
65.058
51.663
51.804
65.3
51.846
52.312
51.666
52.065
52.118
52.03
65.058
51.663
51.804
65.3
51.846
52.312
51.666
52.065
52.118
52.03
65.058
51.663
51.804
65.3
51.846
52.312
51.666
52.065
52.118
52.03
65.058
51.663
51.804
65.3
51.846
52.312
51.666
52.065
52.118
52.03
65.058
51.663
51.804
65.3
51.846
52.312
51.666
52.065
52.118
52.03
65.058
51.663
51.804
65.3
51.846
52.312
51.666
52.065
52.118
52.03
65.058
51.663
51.804
65.3
51.846
52.312
51.666
52.065
52.118
52.03
65.058
51.663
51.804
65.3
51.846
52.312
51.666
52.065
52.118
52.03
65.058
51.663
51.804
65.3
51.846
52.312
51.666
52.065
52.118
52.03
65.058
51.663
51.804
