71.147
85.648
66.758
71.565
81.273
85.347
86.33
79.325
101.347
81.146
71.147
85.648
66.758
71.565
81.273
85.347
86.33
79.325
101.347
81.146
71.147
85.648
66.758
71.565
81.273
85.347
86.33
79.325
101.347
81.146
71.147
85.648
66.758
71.565
81.273
85.347
86.33
79.325
101.347
81.146
71.147
85.648
66.758
71.565
81.273
85.347
86.33
79.325
101.347
81.146
71.147
85.648
66.758
71.565
81.273
85.347
86.33
79.325
101.347
81.146
71.147
85.648
66.758
71.565
81.273
85.347
86.33
79.325
101.347
81.146
71.147
85.648
66.758
71.565
81.273
85.347
86.33
79.325
101.347
81.146
71.147
85.648
66.758
71.565
81.273
85.347
86.33
79.325
101.347
81.146
71.147
85.648
66.758
71.565
81.273
85.347
86.33
79.325
101.347
81.146
