28.301886
28.301886
24.528303
24.528303
24.528303
24.528303
24.528303
24.528303
24.528303
24.528303
24.528303
24.528303
24.528303
24.528303
24.528303
24.528303
28.301886
28.301886
28.301886
28.301886
24.528303
24.528303
24.528303
24.528303
24.528303
24.528303
24.528303
24.528303
24.528303
24.528303
24.528303
24.528303
24.528303
24.528303
28.301886
28.301886
24.528303
24.528303
28.301886
28.301886
24.528303
24.528303
24.528303
24.528303
24.528303
24.528303
24.528303
24.528303
24.528303
24.528303
24.528303
24.528303
24.528303
24.528303
28.301886
28.301886
24.528303
24.528303
28.301886
28.301886
24.528303
24.528303
24.528303
24.528303
24.528303
24.528303
24.528303
24.528303
24.528303
24.528303
24.528303
24.528303
24.528303
24.528303
28.301886
28.301886
24.528303
24.528303
