18.345324
18.345324
18.345324
18.345324
18.345324
18.345324
18.585133
18.345324
18.345324
18.345324
18.345324
18.345324
18.345324
18.345324
18.345324
18.345324
18.585133
18.345324
18.345324
18.345324
18.345324
18.345324
18.345324
18.345324
18.345324
18.345324
18.585133
18.345324
18.345324
18.345324
18.345324
18.345324
18.345324
18.345324
18.345324
18.345324
18.585133
18.345324
18.345324
18.345324
18.345324
18.345324
18.345324
18.345324
18.345324
18.345324
18.585133
18.345324
18.345324
18.345324
18.345324
18.345324
18.345324
18.345324
18.345324
18.345324
18.585133
18.345324
18.345324
18.345324
18.345324
18.345324
18.345324
18.345324
18.345324
18.345324
18.585133
18.345324
18.345324
18.345324
18.345324
18.345324
18.345324
18.345324
18.345324
18.345324
18.585133
18.345324
18.345324
18.345324
18.345324
18.345324
18.345324
18.345324
18.345324
18.345324
18.585133
18.345324
18.345324
18.345324
18.345324
18.345324
18.345324
18.345324
18.345324
18.345324
18.585133
18.345324
18.345324
18.345324
