3.7735848
9.433963
3.7735848
9.433963
9.433963
9.433963
7.5471697
7.5471697
3.7735848
7.5471697
7.5471697
7.5471697
15.094339
3.7735848
3.7735848
7.5471697
11.320755
9.433963
3.7735848
9.433963
3.7735848
9.433963
9.433963
9.433963
7.5471697
7.5471697
3.7735848
7.5471697
7.5471697
7.5471697
15.094339
3.7735848
3.7735848
7.5471697
11.320755
9.433963
9.433963
7.5471697
3.7735848
9.433963
3.7735848
9.433963
9.433963
9.433963
7.5471697
7.5471697
3.7735848
7.5471697
7.5471697
7.5471697
15.094339
3.7735848
3.7735848
7.5471697
11.320755
9.433963
9.433963
7.5471697
3.7735848
9.433963
3.7735848
9.433963
9.433963
9.433963
7.5471697
7.5471697
3.7735848
7.5471697
7.5471697
7.5471697
15.094339
3.7735848
3.7735848
7.5471697
11.320755
9.433963
9.433963
7.5471697
