65.093
65.911
65.838
65.396
66.628
66.047
80.775
91.25
105.63
66.013
65.093
65.911
65.838
65.396
66.628
66.047
80.775
91.25
105.63
66.013
65.093
65.911
65.838
65.396
66.628
66.047
80.775
91.25
105.63
66.013
65.093
65.911
65.838
65.396
66.628
66.047
80.775
91.25
105.63
66.013
65.093
65.911
65.838
65.396
66.628
66.047
80.775
91.25
105.63
66.013
65.093
65.911
65.838
65.396
66.628
66.047
80.775
91.25
105.63
66.013
65.093
65.911
65.838
65.396
66.628
66.047
80.775
91.25
105.63
66.013
65.093
65.911
65.838
65.396
66.628
66.047
80.775
91.25
105.63
66.013
65.093
65.911
65.838
65.396
66.628
66.047
80.775
91.25
105.63
66.013
65.093
65.911
65.838
65.396
66.628
66.047
80.775
91.25
105.63
66.013
