13.207547
13.207547
13.207547
13.207547
13.207547
13.207547
13.207547
13.207547
13.207547
13.207547
16.981133
13.207547
13.207547
13.207547
13.207547
13.207547
13.207547
16.981133
13.207547
13.207547
13.207547
13.207547
13.207547
13.207547
13.207547
13.207547
13.207547
13.207547
16.981133
13.207547
13.207547
13.207547
13.207547
13.207547
13.207547
16.981133
13.207547
13.207547
13.207547
13.207547
13.207547
13.207547
13.207547
13.207547
13.207547
13.207547
13.207547
13.207547
16.981133
13.207547
13.207547
13.207547
13.207547
13.207547
13.207547
16.981133
13.207547
13.207547
13.207547
13.207547
13.207547
13.207547
13.207547
13.207547
13.207547
13.207547
13.207547
13.207547
16.981133
13.207547
13.207547
13.207547
13.207547
13.207547
13.207547
16.981133
13.207547
13.207547
