13.549161
12.1103115
11.151079
11.390887
13.069545
10.071942
10.431655
11.151079
11.510792
11.270983
13.549161
12.1103115
11.151079
11.390887
13.069545
10.071942
10.431655
11.151079
11.510792
11.270983
13.549161
12.1103115
11.151079
11.390887
13.069545
10.071942
10.431655
11.151079
11.510792
11.270983
13.549161
12.1103115
11.151079
11.390887
13.069545
10.071942
10.431655
11.151079
11.510792
11.270983
13.549161
12.1103115
11.151079
11.390887
13.069545
10.071942
10.431655
11.151079
11.510792
11.270983
13.549161
12.1103115
11.151079
11.390887
13.069545
10.071942
10.431655
11.151079
11.510792
11.270983
13.549161
12.1103115
11.151079
11.390887
13.069545
10.071942
10.431655
11.151079
11.510792
11.270983
13.549161
12.1103115
11.151079
11.390887
13.069545
10.071942
10.431655
11.151079
11.510792
11.270983
13.549161
12.1103115
11.151079
11.390887
13.069545
10.071942
10.431655
11.151079
11.510792
11.270983
13.549161
12.1103115
11.151079
11.390887
13.069545
10.071942
10.431655
11.151079
11.510792
11.270983
