7.5471697
11.320755
7.5471697
7.5471697
7.5471697
13.207547
7.5471697
7.5471697
7.5471697
7.5471697
7.5471697
7.5471697
7.5471697
7.5471697
11.320755
7.5471697
7.5471697
7.5471697
7.5471697
11.320755
7.5471697
7.5471697
7.5471697
13.207547
7.5471697
7.5471697
7.5471697
7.5471697
7.5471697
7.5471697
7.5471697
7.5471697
11.320755
7.5471697
7.5471697
7.5471697
7.5471697
7.5471697
7.5471697
11.320755
7.5471697
7.5471697
7.5471697
13.207547
7.5471697
7.5471697
7.5471697
7.5471697
7.5471697
7.5471697
7.5471697
7.5471697
11.320755
7.5471697
7.5471697
7.5471697
7.5471697
7.5471697
7.5471697
11.320755
7.5471697
7.5471697
7.5471697
13.207547
7.5471697
7.5471697
7.5471697
7.5471697
7.5471697
7.5471697
7.5471697
7.5471697
11.320755
7.5471697
7.5471697
7.5471697
7.5471697
7.5471697
