9.472423
10.31175
11.031176
10.071942
13.069545
11.390887
10.671463
12.35012
10.791367
11.390887
9.472423
10.31175
11.031176
10.071942
13.069545
11.390887
10.671463
12.35012
10.791367
11.390887
9.472423
10.31175
11.031176
10.071942
13.069545
11.390887
10.671463
12.35012
10.791367
11.390887
9.472423
10.31175
11.031176
10.071942
13.069545
11.390887
10.671463
12.35012
10.791367
11.390887
9.472423
10.31175
11.031176
10.071942
13.069545
11.390887
10.671463
12.35012
10.791367
11.390887
9.472423
10.31175
11.031176
10.071942
13.069545
11.390887
10.671463
12.35012
10.791367
11.390887
9.472423
10.31175
11.031176
10.071942
13.069545
11.390887
10.671463
12.35012
10.791367
11.390887
9.472423
10.31175
11.031176
10.071942
13.069545
11.390887
10.671463
12.35012
10.791367
11.390887
9.472423
10.31175
11.031176
10.071942
13.069545
11.390887
10.671463
12.35012
10.791367
11.390887
9.472423
10.31175
11.031176
10.071942
13.069545
11.390887
10.671463
12.35012
10.791367
11.390887
