9.433963
9.433963
9.433963
13.207547
9.433963
9.433963
9.433963
15.094339
9.433963
9.433963
9.433963
13.207547
9.433963
9.433963
9.433963
13.207547
13.207547
9.433963
9.433963
9.433963
9.433963
13.207547
9.433963
9.433963
9.433963
15.094339
9.433963
9.433963
9.433963
13.207547
9.433963
9.433963
9.433963
13.207547
13.207547
9.433963
9.433963
9.433963
9.433963
9.433963
9.433963
13.207547
9.433963
9.433963
9.433963
15.094339
9.433963
9.433963
9.433963
13.207547
9.433963
9.433963
9.433963
13.207547
13.207547
9.433963
9.433963
9.433963
9.433963
9.433963
9.433963
13.207547
9.433963
9.433963
9.433963
15.094339
9.433963
9.433963
9.433963
13.207547
9.433963
9.433963
9.433963
13.207547
13.207547
9.433963
9.433963
9.433963
