85.845
70.63
86.458
66.316
80.528
81.068
70.633
66.337
70.872
70.289
85.845
70.63
86.458
66.316
80.528
81.068
70.633
66.337
70.872
70.289
85.845
70.63
86.458
66.316
80.528
81.068
70.633
66.337
70.872
70.289
85.845
70.63
86.458
66.316
80.528
81.068
70.633
66.337
70.872
70.289
85.845
70.63
86.458
66.316
80.528
81.068
70.633
66.337
70.872
70.289
85.845
70.63
86.458
66.316
80.528
81.068
70.633
66.337
70.872
70.289
85.845
70.63
86.458
66.316
80.528
81.068
70.633
66.337
70.872
70.289
85.845
70.63
86.458
66.316
80.528
81.068
70.633
66.337
70.872
70.289
85.845
70.63
86.458
66.316
80.528
81.068
70.633
66.337
70.872
70.289
85.845
70.63
86.458
66.316
80.528
81.068
70.633
66.337
70.872
70.289
