15168
16512
17664
16128
20928
18240
17088
19776
17280
18240
15168
16512
17664
16128
20928
18240
17088
19776
17280
18240
15168
16512
17664
16128
20928
18240
17088
19776
17280
18240
15168
16512
17664
16128
20928
18240
17088
19776
17280
18240
15168
16512
17664
16128
20928
18240
17088
19776
17280
18240
15168
16512
17664
16128
20928
18240
17088
19776
17280
18240
15168
16512
17664
16128
20928
18240
17088
19776
17280
18240
15168
16512
17664
16128
20928
18240
17088
19776
17280
18240
15168
16512
17664
16128
20928
18240
17088
19776
17280
18240
15168
16512
17664
16128
20928
18240
17088
19776
17280
18240
