54.209
54.175
54.48
54.15
67.374
54.152
54.267
54.47
54.011
54.37
54.209
54.175
54.48
54.15
67.374
54.152
54.267
54.47
54.011
54.37
54.209
54.175
54.48
54.15
67.374
54.152
54.267
54.47
54.011
54.37
54.209
54.175
54.48
54.15
67.374
54.152
54.267
54.47
54.011
54.37
54.209
54.175
54.48
54.15
67.374
54.152
54.267
54.47
54.011
54.37
54.209
54.175
54.48
54.15
67.374
54.152
54.267
54.47
54.011
54.37
54.209
54.175
54.48
54.15
67.374
54.152
54.267
54.47
54.011
54.37
54.209
54.175
54.48
54.15
67.374
54.152
54.267
54.47
54.011
54.37
54.209
54.175
54.48
54.15
67.374
54.152
54.267
54.47
54.011
54.37
54.209
54.175
54.48
54.15
67.374
54.152
54.267
54.47
54.011
54.37
