22.302158
22.302158
22.302158
22.302158
22.541967
22.302158
22.302158
22.302158
22.302158
22.302158
22.302158
22.302158
22.302158
22.302158
22.541967
22.302158
22.302158
22.302158
22.302158
22.302158
22.302158
22.302158
22.302158
22.302158
22.541967
22.302158
22.302158
22.302158
22.302158
22.302158
22.302158
22.302158
22.302158
22.302158
22.541967
22.302158
22.302158
22.302158
22.302158
22.302158
22.302158
22.302158
22.302158
22.302158
22.541967
22.302158
22.302158
22.302158
22.302158
22.302158
22.302158
22.302158
22.302158
22.302158
22.541967
22.302158
22.302158
22.302158
22.302158
22.302158
22.302158
22.302158
22.302158
22.302158
22.541967
22.302158
22.302158
22.302158
22.302158
22.302158
22.302158
22.302158
22.302158
22.302158
22.541967
22.302158
22.302158
22.302158
22.302158
22.302158
22.302158
22.302158
22.302158
22.302158
22.541967
22.302158
22.302158
22.302158
22.302158
22.302158
22.302158
22.302158
22.302158
22.302158
22.541967
22.302158
22.302158
22.302158
22.302158
22.302158
