19008
17664
20928
23040
20160
15936
21504
19392
19968
19392
19008
17664
20928
23040
20160
15936
21504
19392
19968
19392
19008
17664
20928
23040
20160
15936
21504
19392
19968
19392
19008
17664
20928
23040
20160
15936
21504
19392
19968
19392
19008
17664
20928
23040
20160
15936
21504
19392
19968
19392
19008
17664
20928
23040
20160
15936
21504
19392
19968
19392
19008
17664
20928
23040
20160
15936
21504
19392
19968
19392
19008
17664
20928
23040
20160
15936
21504
19392
19968
19392
19008
17664
20928
23040
20160
15936
21504
19392
19968
19392
19008
17664
20928
23040
20160
15936
21504
19392
19968
19392
