66.696
53.455
53.65
53.968
53.938
53.535
66.793
53.616
53.519
53.255
66.696
53.455
53.65
53.968
53.938
53.535
66.793
53.616
53.519
53.255
66.696
53.455
53.65
53.968
53.938
53.535
66.793
53.616
53.519
53.255
66.696
53.455
53.65
53.968
53.938
53.535
66.793
53.616
53.519
53.255
66.696
53.455
53.65
53.968
53.938
53.535
66.793
53.616
53.519
53.255
66.696
53.455
53.65
53.968
53.938
53.535
66.793
53.616
53.519
53.255
66.696
53.455
53.65
53.968
53.938
53.535
66.793
53.616
53.519
53.255
66.696
53.455
53.65
53.968
53.938
53.535
66.793
53.616
53.519
53.255
66.696
53.455
53.65
53.968
53.938
53.535
66.793
53.616
53.519
53.255
66.696
53.455
53.65
53.968
53.938
53.535
66.793
53.616
53.519
53.255
