26112
16.306955
1
32.411
32.411
0.0
26112
16.306955
1
32.406
32.406
0.0
26112
16.306955
1
32.406
32.406
0.0
26112
16.306955
1
32.429
32.429
0.0
26112
16.306955
1
32.418
32.419
3.084706E-5
26112
16.306955
1
32.418
32.418
0.0
26112
16.306955
1
32.43
32.43
0.0
26112
16.306955
1
32.438
32.438
0.0
26112
16.306955
1
32.437
32.437
0.0
26112
16.306955
1
32.486
32.486
0.0
26112
16.306955
1
32.284
32.284
0.0
26112
16.306955
1
32.363
32.363
0.0
26112
16.306955
1
32.285
32.285
0.0
26112
16.306955
1
32.255
32.255
0.0
26112
16.306955
1
32.293
32.293
0.0
26112
16.306955
1
32.414
32.414
0.0
26112
16.306955
1
32.412
32.412
0.0
26112
16.306955
1
32.428
32.428
0.0
26112
16.306955
1
32.457
32.457
0.0
26112
16.306955
1
32.447
32.447
0.0
26112
16.306955
1
32.376
32.376
0.0
26112
16.306955
1
32.362
32.362
0.0
26112
16.306955
1
32.359
32.359
0.0
26112
16.306955
1
32.442
32.442
0.0
26112
16.306955
1
32.397
32.397
0.0
26112
16.306955
1
32.381
32.381
0.0
26112
16.306955
1
32.361
32.361
0.0
26112
16.306955
1
32.462
32.462
0.0
26112
16.306955
1
32.384
32.384
0.0
26112
16.306955
1
32.376
32.376
0.0
26112
16.306955
1
32.289
32.289
0.0
26112
16.306955
1
32.353
32.353
0.0
26112
16.306955
1
32.191
32.191
0.0
26112
16.306955
1
32.361
32.361
0.0
26112
16.306955
1
32.431
32.431
0.0
26112
16.306955
1
32.354
32.355
3.090808E-5
26112
16.306955
1
32.426
32.426
0.0
26112
16.306955
1
32.451
32.451
0.0
26112
16.306955
1
32.431
32.431
0.0
26112
16.306955
1
32.429
32.429
0.0
