35712
22.302158
1
36.949
36.949
0.0
35712
22.302158
1
36.66
36.66
0.0
35712
22.302158
1
35.974
35.974
0.0
35712
22.302158
1
36.533
36.533
0.0
35712
22.302158
1
35.993
35.993
0.0
35904
22.422062
2
47.506
47.506
0.0
35712
22.302158
1
35.868
35.868
0.0
35904
22.422062
2
47.497
47.497
0.0
35712
22.302158
1
36.236
36.236
0.0
35712
22.302158
1
35.972
35.972
0.0
35712
22.302158
1
36.586
36.586
0.0
35712
22.302158
1
36.111
36.111
0.0
35712
22.302158
1
36.177
36.177
0.0
35712
22.302158
1
36.621
36.621
0.0
35712
22.302158
1
36.028
36.028
0.0
35712
22.302158
1
36.09
36.09
0.0
35712
22.302158
1
36.259
36.259
0.0
35712
22.302158
1
35.852
35.852
0.0
35712
22.302158
1
36.623
36.623
0.0
36096
22.541967
2
47.406
47.406
0.0
35712
22.302158
1
36.26
36.26
0.0
35712
22.302158
1
36.415
36.415
0.0
35712
22.302158
1
36.551
36.551
0.0
35712
22.302158
1
36.453
36.453
0.0
35712
22.302158
1
36.245
36.245
0.0
35712
22.302158
1
36.289
36.289
0.0
35712
22.302158
1
35.99
35.99
0.0
38976
24.340528
2
42.649
42.649
0.0
35904
22.422062
2
47.357
47.357
0.0
35712
22.302158
1
36.485
36.485
0.0
