1344
13.207547
3
3056
3056
0.0
576
5.6603775
1
2887
2887
0.0
960
9.433963
2
2956
2956
0.0
960
9.433963
2
2934
2934
0.0
960
9.433963
2
2919
2919
0.0
576
5.6603775
1
2919
2919
0.0
1152
11.320755
3
4070
4070
0.0
960
9.433963
2
2980
2980
0.0
960
9.433963
2
2970
2970
0.0
576
5.6603775
1
2923
2923
0.0
1728
16.981133
4
4148
4148
0.0
960
9.433963
2
3030
3030
0.0
576
5.6603775
1
2936
2936
0.0
576
5.6603775
1
2881
2881
0.0
960
9.433963
2
2995
2995
0.0
960
9.433963
2
2998
2998
0.0
576
5.6603775
1
2919
2919
0.0
960
9.433963
2
2948
2948
0.0
960
9.433963
2
2956
2956
0.0
1152
11.320755
3
3059
3059
0.0
