41856
26.13909
2
43.261
43.261
0.0
36864
23.021584
2
42.435
42.435
0.0
39168
24.460432
2
42.753
42.753
0.0
39936
24.940048
3
53.05
53.05
0.0
39552
24.70024
2
43.003
43.003
0.0
48768
30.455637
3
49.151
49.151
0.0
40896
25.539568
2
48.169
48.169
0.0
43584
27.218225
4
63.264
63.264
0.0
49536
30.935251
3
49.099
49.099
0.0
42432
26.4988
3
48.098
48.098
0.0
35136
21.942446
2
42.212
42.212
0.0
37248
23.26139
2
42.568
42.568
0.0
41472
25.899279
3
53.121
53.121
0.0
38016
23.741007
2
42.647
42.647
0.0
37824
23.621103
2
42.513
42.514
2.3522216E-5
42624
26.618704
4
58.309
58.309
0.0
38208
23.86091
2
42.596
42.596
0.0
41280
25.779375
2
43.059
43.059
0.0
42048
26.258993
2
43.241
43.241
0.0
33984
21.223022
3
56.977
56.977
0.0
34560
21.582733
2
41.95
41.95
0.0
40128
25.059954
2
42.885
42.885
0.0
44736
27.93765
3
48.35
48.35
0.0
41856
26.13909
3
47.975
47.975
0.0
44352
27.69784
3
48.31
48.31
0.0
41280
25.779375
2
43.144
43.144
0.0
45888
28.657076
3
48.524
48.524
0.0
38592
24.10072
2
42.599
42.599
0.0
34560
21.582733
2
42.041
42.042
2.3786304E-5
46080
28.77698
3
48.484
48.484
0.0
