2304
22.64151
1
2932
2932
0.0
2304
22.64151
1
2943
2943
0.0
2304
22.64151
1
2871
2871
0.0
2304
22.64151
1
2950
2950
0.0
2688
26.415094
2
3796
3796
0.0
2304
22.64151
1
2879
2879
0.0
2304
22.64151
1
3069
3069
0.0
2304
22.64151
1
2955
2955
0.0
2304
22.64151
1
2885
2885
0.0
2304
22.64151
1
3000
3000
0.0
2304
22.64151
1
2976
2976
0.0
2304
22.64151
1
3035
3035
0.0
2304
22.64151
1
2936
2936
0.0
2304
22.64151
1
2873
2873
0.0
2304
22.64151
1
3291
3291
0.0
2304
22.64151
1
2920
2920
0.0
2304
22.64151
1
2908
2908
0.0
2304
22.64151
1
2993
2993
0.0
2304
22.64151
1
2876
2876
0.0
2304
22.64151
1
2988
2988
0.0
