23040
14.38849
1
30.56
30.56
0.0
23040
14.38849
1
30.408
30.408
0.0
23040
14.38849
1
30.528
30.528
0.0
23040
14.38849
1
30.463
30.463
0.0
23040
14.38849
1
30.499
30.499
0.0
23040
14.38849
1
30.565
30.565
0.0
23040
14.38849
1
30.6
30.6
0.0
23040
14.38849
1
30.569
30.569
0.0
23040
14.38849
1
30.543
30.543
0.0
23040
14.38849
1
30.563
30.563
0.0
23040
14.38849
1
30.579
30.579
0.0
23040
14.38849
1
30.528
30.528
0.0
23040
14.38849
1
30.549
30.549
0.0
23040
14.38849
1
30.557
30.557
0.0
23040
14.38849
1
30.563
30.563
0.0
23040
14.38849
1
30.567
30.567
0.0
