30336
18.944845
3
56.572
56.572
0.0
26112
16.306955
2
40.874
40.874
0.0
31104
19.424461
2
41.767
41.767
0.0
30336
18.944845
2
41.578
41.578
0.0
30912
19.304556
3
56.581
56.581
0.0
30144
18.82494
2
41.499
41.499
0.0
30144
18.82494
3
51.629
51.63
1.936896E-5
28608
17.865707
2
41.267
41.267
0.0
26112
16.306955
2
40.847
40.847
0.0
26304
16.426859
3
55.84
55.84
0.0
30528
19.064749
2
41.616
41.616
0.0
27456
17.146284
2
41.028
41.028
0.0
30144
18.82494
3
51.594
51.594
0.0
32640
20.383694
3
56.759
56.759
0.0
29568
18.465229
2
41.382
41.382
0.0
27456
17.146284
2
41.102
41.102
0.0
28032
17.505997
2
41.103
41.103
0.0
27840
17.386091
2
41.035
41.035
0.0
28608
17.865707
2
41.185
41.185
0.0
28608
17.865707
2
51.259
51.259
0.0
28608
17.865707
2
41.141
41.141
0.0
27840
17.386091
2
41.039
41.039
0.0
28800
17.985613
3
56.154
56.154
0.0
28800
17.985613
2
41.277
41.277
0.0
29184
18.22542
2
41.365
41.365
0.0
27840
17.386091
2
41.101
41.101
0.0
32256
20.143885
2
41.761
41.761
0.0
30720
19.184652
2
41.418
41.418
0.0
31488
19.664268
2
41.602
41.602
0.0
30144
18.82494
2
41.446
41.446
0.0
