40320
25.179857
4
62.758
62.758
0.0
43968
27.458033
2
48.592
48.592
0.0
50112
31.294962
3
49.291
49.291
0.0
41664
26.019186
2
43.231
43.231
0.0
38976
24.340528
3
47.618
47.618
0.0
43392
27.098322
3
48.333
48.333
0.0
46272
28.896883
3
43.93
43.93
0.0
37248
23.26139
2
42.571
42.571
0.0
39552
24.70024
4
57.901
57.901
0.0
39744
24.820145
3
47.705
47.705
0.0
38016
23.741007
3
52.676
52.676
0.0
35328
22.062351
3
47.098
47.098
0.0
37632
23.5012
3
57.547
57.547
0.0
44352
27.69784
4
63.331
63.331
0.0
40512
25.29976
2
43.088
43.088
0.0
39936
24.940048
3
47.73
47.73
0.0
43008
26.858515
3
48.089
48.089
0.0
41280
25.779375
2
42.954
42.954
0.0
39360
24.580336
4
62.638
62.638
0.0
43008
26.858515
4
63.151
63.151
0.0
40512
25.29976
3
47.843
47.843
0.0
49152
30.695444
4
58.307
58.307
0.0
46464
29.016787
3
48.773
48.773
0.0
39552
24.70024
2
42.435
42.435
0.0
39744
24.820145
2
42.889
42.889
0.0
45120
28.177458
3
48.441
48.441
0.0
35520
22.182255
2
42.374
42.374
0.0
43584
27.218225
5
73.419
73.419
0.0
44160
27.577936
2
43.449
43.449
0.0
42624
26.618704
3
48.248
48.248
0.0
