23040
14.38849
1
32.451
32.451
0.0
23040
14.38849
1
32.422
32.422
0.0
23040
14.38849
1
32.425
32.425
0.0
23040
14.38849
1
32.421
32.421
0.0
23040
14.38849
1
32.416
32.416
0.0
23040
14.38849
1
32.425
32.425
0.0
23040
14.38849
1
32.429
32.429
0.0
23040
14.38849
1
32.454
32.454
0.0
23040
14.38849
1
32.437
32.437
0.0
23040
14.38849
1
32.443
32.443
0.0
23040
14.38849
1
32.269
32.269
0.0
23040
14.38849
1
32.433
32.434
3.0832794E-5
23040
14.38849
1
32.438
32.438
0.0
23040
14.38849
1
32.166
32.166
0.0
23040
14.38849
1
32.328
32.328
0.0
23040
14.38849
1
32.482
32.483
3.0786283E-5
23040
14.38849
1
32.473
32.473
0.0
23040
14.38849
1
32.297
32.297
0.0
23040
14.38849
1
32.412
32.412
0.0
23040
14.38849
1
32.41
32.41
0.0
23040
14.38849
1
32.406
32.406
0.0
23040
14.38849
1
32.406
32.406
0.0
23040
14.38849
1
32.387
32.387
0.0
23040
14.38849
1
32.393
32.393
0.0
23040
14.38849
1
32.416
32.417
3.0848965E-5
23040
14.38849
1
32.494
32.494
0.0
23040
14.38849
1
32.413
32.413
0.0
23040
14.38849
1
32.456
32.456
0.0
23040
14.38849
1
32.45
32.45
0.0
23040
14.38849
1
32.384
32.384
0.0
23040
14.38849
1
32.247
32.247
0.0
23040
14.38849
1
32.284
32.284
0.0
23040
14.38849
1
32.267
32.267
0.0
23040
14.38849
1
32.362
32.362
0.0
23040
14.38849
1
32.404
32.404
0.0
23040
14.38849
1
32.321
32.321
0.0
23040
14.38849
1
32.435
32.435
0.0
23040
14.38849
1
32.435
32.435
0.0
23040
14.38849
1
32.413
32.414
3.0851817E-5
23040
14.38849
1
32.396
32.396
0.0
