23616
14.7482
3
55.473
55.473
0.0
15552
9.712231
2
39.418
39.418
0.0
23616
14.7482
2
40.532
40.532
0.0
17856
11.151079
3
49.913
49.913
0.0
18240
11.390887
2
39.806
39.806
0.0
22848
14.268584
3
50.68
50.68
0.0
17280
10.791367
2
39.653
39.653
0.0
18240
11.390887
2
39.745
39.745
0.0
19968
12.470024
2
39.966
39.966
0.0
22464
14.028777
2
40.33
40.33
0.0
17856
11.151079
2
39.523
39.523
0.0
15744
9.832134
3
54.323
54.323
0.0
21504
13.429257
2
40.306
40.306
0.0
17664
11.031176
2
39.754
39.754
0.0
18624
11.630695
2
39.753
39.753
0.0
20928
13.069545
2
40.134
40.134
0.0
18816
11.7506
4
64.992
64.992
0.0
19392
12.1103115
2
39.973
39.973
0.0
17280
10.791367
2
39.546
39.546
0.0
16512
10.31175
2
39.422
39.422
0.0
20544
12.829736
2
39.992
39.992
0.0
18432
11.510792
2
39.796
39.796
0.0
18240
11.390887
2
39.652
39.652
0.0
20544
12.829736
2
40.036
40.036
0.0
17856
11.151079
2
39.695
39.695
0.0
20160
12.589929
2
39.92
39.92
0.0
15744
9.832134
2
39.44
39.44
0.0
20352
12.709832
2
40.051
40.051
0.0
18240
11.390887
2
39.804
39.804
0.0
16896
10.5515585
2
39.478
39.478
0.0
