2688
26.415094
1
2913
2913
0.0
2688
26.415094
1
2931
2931
0.0
2688
26.415094
1
2929
2929
0.0
2688
26.415094
1
2970
2970
0.0
2688
26.415094
1
2878
2878
0.0
2688
26.415094
1
3220
3220
0.0
2688
26.415094
1
2929
2929
0.0
2688
26.415094
1
2964
2964
0.0
2688
26.415094
1
2848
2848
0.0
2688
26.415094
1
3013
3013
0.0
2688
26.415094
1
2943
2943
0.0
2688
26.415094
1
2916
2916
0.0
2688
26.415094
1
2948
2948
0.0
2688
26.415094
1
2864
2864
0.0
2688
26.415094
1
3065
3065
0.0
2688
26.415094
1
2873
2873
0.0
2688
26.415094
1
2955
2955
0.0
2688
26.415094
1
3062
3062
0.0
2688
26.415094
1
2901
2901
0.0
2688
26.415094
1
2965
2965
0.0
