2880
28.301886
2
3937
3937
0.0
2880
28.301886
2
3847
3847
0.0
2496
24.528303
1
2948
2948
0.0
2496
24.528303
1
3167
3167
0.0
2496
24.528303
1
2976
2976
0.0
2496
24.528303
1
3066
3066
0.0
2496
24.528303
1
3150
3150
0.0
2496
24.528303
1
2910
2910
0.0
2496
24.528303
1
3091
3091
0.0
2496
24.528303
1
2905
2905
0.0
2496
24.528303
1
2961
2961
0.0
2496
24.528303
1
2951
2951
0.0
2496
24.528303
1
2846
2846
0.0
2496
24.528303
1
3016
3016
0.0
2496
24.528303
1
3004
3004
0.0
2496
24.528303
1
3043
3043
0.0
2880
28.301886
2
4102
4102
0.0
2880
28.301886
2
3920
3920
0.0
2496
24.528303
1
2997
2997
0.0
2496
24.528303
1
2980
2980
0.0
