19776
12.35012
1
29.985
29.985
0.0
19776
12.35012
1
30.042
30.042
0.0
19776
12.35012
1
30.025
30.025
0.0
19776
12.35012
1
31.798
31.798
0.0
19776
12.35012
1
30.021
30.021
0.0
19776
12.35012
1
30.073
30.073
0.0
19776
12.35012
1
30.005
30.005
0.0
19776
12.35012
1
30.05
30.05
0.0
19776
12.35012
1
30.192
30.192
0.0
19776
12.35012
1
30.136
30.136
0.0
19776
12.35012
1
29.891
29.891
0.0
19776
12.35012
1
30.126
30.126
0.0
19776
12.35012
1
30.085
30.085
0.0
19776
12.35012
1
30.011
30.011
0.0
19776
12.35012
1
30.117
30.117
0.0
19776
12.35012
1
30.029
30.029
0.0
19776
12.35012
1
30.048
30.048
0.0
19776
12.35012
1
30.016
30.016
0.0
19776
12.35012
1
30.064
30.064
0.0
19776
12.35012
1
30.093
30.093
0.0
19776
12.35012
1
30.1
30.1
0.0
19776
12.35012
1
30.166
30.166
0.0
19776
12.35012
1
29.923
29.923
0.0
19776
12.35012
1
29.996
29.996
0.0
19776
12.35012
1
30.064
30.064
0.0
19776
12.35012
1
30.078
30.078
0.0
19776
12.35012
1
30.112
30.112
0.0
