32640
20.383694
1
31.763
31.763
0.0
32640
20.383694
1
31.856
31.856
0.0
32640
20.383694
1
31.863
31.863
0.0
32640
20.383694
1
31.857
31.857
0.0
32640
20.383694
1
31.834
31.834
0.0
32640
20.383694
1
31.943
31.943
0.0
32640
20.383694
1
31.971
31.971
0.0
32640
20.383694
1
31.882
31.882
0.0
32640
20.383694
1
31.833
31.833
0.0
32640
20.383694
1
31.922
31.922
0.0
32640
20.383694
1
31.936
31.936
0.0
32640
20.383694
1
31.907
31.907
0.0
32640
20.383694
1
31.849
31.849
0.0
32640
20.383694
1
31.887
31.887
0.0
32640
20.383694
1
31.895
31.895
0.0
32640
20.383694
1
31.956
31.956
0.0
32640
20.383694
1
31.837
31.837
0.0
32640
20.383694
1
31.856
31.856
0.0
32640
20.383694
1
31.958
31.959
3.129107E-5
32640
20.383694
1
31.826
31.826
0.0
32640
20.383694
1
31.762
31.762
0.0
32640
20.383694
1
31.808
31.808
0.0
32640
20.383694
1
31.844
31.844
0.0
32640
20.383694
1
32.018
32.018
0.0
32640
20.383694
1
31.769
31.769
0.0
