1152
11.320755
1
2830
2830
0.0
1536
15.094339
2
3604
3604
0.0
1152
11.320755
1
2932
2932
0.0
1152
11.320755
1
3112
3112
0.0
1152
11.320755
1
2818
2818
0.0
1536
15.094339
2
3638
3638
0.0
1152
11.320755
1
2823
2823
0.0
1152
11.320755
1
2926
2926
0.0
1152
11.320755
1
2903
2903
0.0
1152
11.320755
1
2825
2825
0.0
1152
11.320755
1
2979
2979
0.0
1152
11.320755
1
2963
2963
0.0
1152
11.320755
1
2853
2853
0.0
1728
16.981133
3
3161
3161
0.0
1152
11.320755
1
3137
3137
0.0
1152
11.320755
1
2837
2837
0.0
1152
11.320755
1
3045
3045
0.0
1152
11.320755
1
2899
2899
0.0
1152
11.320755
1
2836
2836
0.0
1536
15.094339
2
3165
3165
0.0
