23040
14.38849
1
33.425
33.425
0.0
23040
14.38849
1
33.496
33.496
0.0
23040
14.38849
1
33.999
33.999
0.0
23040
14.38849
1
33.88
33.88
0.0
23040
14.38849
1
33.374
33.374
0.0
23040
14.38849
1
33.303
33.303
0.0
23040
14.38849
1
33.606
33.606
0.0
23040
14.38849
1
33.438
33.438
0.0
23040
14.38849
1
33.504
33.504
0.0
23040
14.38849
1
33.753
33.753
0.0
23040
14.38849
1
33.655
33.655
0.0
23040
14.38849
1
33.465
33.465
0.0
23040
14.38849
1
33.675
33.675
0.0
23040
14.38849
1
33.363
33.363
0.0
23040
14.38849
1
33.471
33.471
0.0
23040
14.38849
1
33.534
33.534
0.0
23040
14.38849
1
33.582
33.582
0.0
23040
14.38849
1
33.275
33.275
0.0
23040
14.38849
1
33.225
33.225
0.0
23040
14.38849
1
33.573
33.573
0.0
23040
14.38849
1
33.684
33.684
0.0
23040
14.38849
1
33.578
33.578
0.0
23040
14.38849
1
33.908
33.908
0.0
23040
14.38849
1
33.442
33.442
0.0
23040
14.38849
1
33.318
33.318
0.0
23040
14.38849
1
33.627
33.627
0.0
23040
14.38849
1
33.589
33.589
0.0
23040
14.38849
1
33.739
33.739
0.0
23040
14.38849
1
33.748
33.748
0.0
23040
14.38849
1
33.743
33.743
0.0
