38400
23.980816
2
42.607
42.607
0.0
40128
25.059954
2
42.895
42.895
0.0
43392
27.098322
2
43.444
43.444
0.0
42816
26.738607
2
43.3
43.3
0.0
35904
22.422062
2
42.284
42.284
0.0
40704
25.419664
2
42.946
42.946
0.0
41280
25.779375
2
43.086
43.086
0.0
38208
23.86091
2
42.702
42.702
0.0
37440
23.381294
2
52.559
52.559
0.0
41088
25.659472
2
43.154
43.154
0.0
39360
24.580336
2
42.703
42.704
2.3417559E-5
44736
27.93765
3
43.621
43.621
0.0
44160
27.577936
3
48.203
48.203
0.0
41088
25.659472
2
43.023
43.023
0.0
34752
21.702639
2
37.264
37.264
0.0
41472
25.899279
2
43.244
43.244
0.0
40704
25.419664
2
42.835
42.835
0.0
39936
24.940048
2
42.849
42.849
0.0
44160
27.577936
3
58.409
58.409
0.0
37056
23.141487
3
57.334
57.334
0.0
40704
25.419664
2
42.888
42.888
0.0
45696
28.537169
3
48.461
48.461
0.0
57408
35.85132
5
74.077
74.077
0.0
42432
26.4988
2
43.304
43.304
0.0
38976
24.340528
2
52.742
52.742
0.0
39936
24.940048
2
42.954
42.954
0.0
38592
24.10072
3
52.751
52.751
0.0
42432
26.4988
2
43.18
43.18
0.0
41664
26.019186
3
53.2
53.201
1.8796993E-5
37440
23.381294
2
42.497
42.497
0.0
