13440
8.393286
1
29.199
29.199
0.0
13440
8.393286
1
29.209
29.209
0.0
13440
8.393286
1
29.192
29.192
0.0
13440
8.393286
1
29.208
29.208
0.0
13440
8.393286
1
29.476
29.476
0.0
13440
8.393286
1
29.138
29.138
0.0
13440
8.393286
1
29.185
29.185
0.0
13440
8.393286
1
29.189
29.19
3.4259483E-5
13440
8.393286
1
29.17
29.17
0.0
13440
8.393286
1
29.248
29.248
0.0
13440
8.393286
1
29.19
29.19
0.0
13440
8.393286
1
29.239
29.239
0.0
13440
8.393286
1
29.189
29.189
0.0
13440
8.393286
1
29.159
29.159
0.0
13440
8.393286
1
29.107
29.107
0.0
13440
8.393286
1
29.173
29.173
0.0
