29952
18.705036
3
51.301
51.301
0.0
32064
20.023981
3
42.178
42.178
0.0
22656
14.148681
2
35.956
35.956
0.0
27648
17.266188
2
36.625
36.625
0.0
30912
19.304556
2
37.164
37.164
0.0
27840
17.386091
3
41.541
41.541
0.0
28224
17.6259
3
41.572
41.572
0.0
28224
17.6259
2
36.733
36.733
0.0
25344
15.827338
3
41.295
41.295
0.0
28032
17.505997
3
50.998
50.998
0.0
28800
17.985613
2
36.633
36.633
0.0
35136
21.942446
3
42.714
42.714
0.0
31488
19.664268
3
42.009
42.009
0.0
28224
17.6259
2
36.66
36.66
0.0
27264
17.026379
4
65.721
65.721
0.0
32064
20.023981
4
66.414
66.414
0.0
23616
14.7482
3
40.898
40.898
0.0
31104
19.424461
3
51.424
51.424
0.0
30912
19.304556
3
51.384
51.384
0.0
28800
17.985613
2
36.74
36.74
0.0
31488
19.664268
4
56.454
56.454
0.0
25344
15.827338
2
36.178
36.178
0.0
28032
17.505997
3
50.957
50.957
0.0
24960
15.587529
3
51.198
51.198
0.0
27840
17.386091
3
41.634
41.634
0.0
27456
17.146284
2
36.651
36.651
0.0
27264
17.026379
2
36.525
36.525
0.0
