14592
9.11271
3
49.459
49.459
0.0
19008
11.870503
2
39.919
39.919
0.0
21312
13.309352
2
40.309
40.309
0.0
50112
31.294962
3
50.188
50.188
0.0
22272
13.908874
2
40.293
40.293
0.0
19584
12.230216
2
40.011
40.011
0.0
18048
11.270984
2
39.917
39.917
0.0
20544
12.829736
2
40.009
40.009
0.0
19200
11.990408
2
39.89
39.89
0.0
18432
11.510792
3
49.98
49.98
0.0
20160
12.589929
2
39.882
39.882
0.0
20736
12.949639
3
54.956
54.956
0.0
18432
11.510792
3
49.946
49.946
0.0
20928
13.069545
2
40.156
40.156
0.0
23808
14.868106
2
40.195
40.195
0.0
20736
12.949639
2
39.933
39.933
0.0
20544
12.829736
2
40.099
40.099
0.0
16704
10.431655
3
54.536
54.536
0.0
23232
14.508393
2
40.28
40.28
0.0
20352
12.709832
2
40.007
40.007
0.0
15552
9.712231
2
49.338
49.338
0.0
20352
12.709832
2
39.984
39.984
0.0
31104
19.424461
3
45.142
45.142
0.0
18048
11.270984
3
54.819
54.819
0.0
19200
11.990408
2
39.796
39.796
0.0
18624
11.630695
2
39.716
39.716
0.0
20352
12.709832
2
40.065
40.065
0.0
19584
12.230216
2
39.972
39.972
0.0
20352
12.709832
2
40.01
40.01
0.0
19968
12.470024
2
39.903
39.904
2.5060772E-5
