35712
22.302158
1
33.738
33.738
0.0
35712
22.302158
1
33.521
33.521
0.0
35712
22.302158
1
33.733
33.733
0.0
35712
22.302158
1
33.568
33.568
0.0
35712
22.302158
1
33.523
33.523
0.0
35712
22.302158
1
33.554
33.554
0.0
35712
22.302158
1
33.53
33.53
0.0
35712
22.302158
1
33.267
33.267
0.0
35712
22.302158
1
33.368
33.368
0.0
35712
22.302158
1
33.676
33.676
0.0
35712
22.302158
1
33.932
33.932
0.0
35712
22.302158
1
33.501
33.501
0.0
35712
22.302158
1
33.305
33.305
0.0
35712
22.302158
1
33.418
33.418
0.0
35712
22.302158
1
33.393
33.393
0.0
35712
22.302158
1
33.293
33.293
0.0
35712
22.302158
1
33.258
33.258
0.0
35712
22.302158
1
33.288
33.288
0.0
35712
22.302158
1
33.524
33.524
0.0
35712
22.302158
1
33.164
33.164
0.0
35712
22.302158
1
33.413
33.413
0.0
35712
22.302158
1
33.432
33.432
0.0
35712
22.302158
1
33.499
33.499
0.0
35712
22.302158
1
33.864
33.864
0.0
35712
22.302158
1
33.504
33.504
0.0
35712
22.302158
1
33.678
33.678
0.0
35712
22.302158
1
33.677
33.677
0.0
35712
22.302158
1
33.675
33.675
0.0
35712
22.302158
1
33.904
33.904
0.0
35712
22.302158
1
33.255
33.255
0.0
