39360
24.580336
4
57.919
57.919
0.0
38208
23.86091
2
42.572
42.572
0.0
43776
27.338129
3
48.256
48.256
0.0
40128
25.059954
3
47.833
47.833
0.0
37248
23.26139
3
47.367
47.367
0.0
41664
26.019186
5
77.988
77.988
0.0
35904
22.422062
3
47.158
47.158
0.0
48960
30.57554
3
49.079
49.079
0.0
38976
24.340528
2
42.702
42.703
2.3418106E-5
38592
24.10072
3
47.573
47.573
0.0
40512
25.29976
4
62.804
62.804
0.0
43008
26.858515
2
43.364
43.364
0.0
46080
28.77698
3
48.601
48.601
0.0
42048
26.258993
3
48.049
48.049
0.0
38976
24.340528
2
42.831
42.831
0.0
44736
27.93765
3
48.433
48.433
0.0
45120
28.177458
3
48.377
48.377
0.0
44736
27.93765
2
43.386
43.386
0.0
38784
24.220623
4
57.788
57.788
0.0
45312
28.297361
2
43.654
43.654
0.0
48384
30.215826
4
63.919
63.919
0.0
42048
26.258993
2
43.175
43.175
0.0
38208
23.86091
3
57.43
57.43
0.0
37440
23.381294
2
42.361
42.361
0.0
34944
21.822542
3
57.137
57.137
0.0
37440
23.381294
3
52.628
52.628
0.0
43968
27.458033
2
43.557
43.557
0.0
40512
25.29976
2
42.894
42.894
0.0
38592
24.10072
3
52.841
52.841
0.0
44736
27.93765
3
48.451
48.452
2.0639409E-5
