7104
4.436451
2
33.722
33.722
0.0
7680
4.796163
2
33.827
33.827
0.0
10944
6.8345323
2
34.199
34.199
0.0
8448
5.2757792
2
33.973
33.973
0.0
7872
4.916067
2
33.932
33.932
0.0
9024
5.635492
2
33.938
33.938
0.0
7680
4.796163
2
33.832
33.832
0.0
11328
7.0743403
2
34.264
34.264
0.0
8448
5.2757792
2
34.0
34.0
0.0
9984
6.235012
2
34.128
34.128
0.0
6336
3.9568346
2
33.595
33.595
0.0
11712
7.3141484
2
34.387
34.387
0.0
12096
7.5539565
2
34.414
34.414
0.0
7488
4.676259
2
33.803
33.803
0.0
11136
6.954437
2
34.303
34.303
0.0
