576
0.35971224
1
27.837
27.837
0.0
576
0.35971224
1
27.874
27.874
0.0
576
0.35971224
1
27.85
27.85
0.0
576
0.35971224
1
27.876
27.876
0.0
576
0.35971224
1
27.818
27.818
0.0
576
0.35971224
1
27.949
27.949
0.0
576
0.35971224
1
27.853
27.853
0.0
576
0.35971224
1
28.005
28.005
0.0
576
0.35971224
1
27.935
27.935
0.0
576
0.35971224
1
28.008
28.008
0.0
576
0.35971224
1
27.887
27.887
0.0
576
0.35971224
1
27.872
27.872
0.0
576
0.35971224
1
27.817
27.817
0.0
576
0.35971224
1
27.823
27.823
0.0
576
0.35971224
1
27.866
27.866
0.0
576
0.35971224
1
27.875
27.875
0.0
576
0.35971224
1
27.88
27.88
0.0
576
0.35971224
1
27.834
27.834
0.0
576
0.35971224
1
27.832
27.832
0.0
576
0.35971224
1
27.832
27.832
0.0
576
0.35971224
1
27.883
27.883
0.0
576
0.35971224
1
27.99
27.99
0.0
576
0.35971224
1
27.827
27.827
0.0
576
0.35971224
1
27.861
27.861
0.0
576
0.35971224
1
27.925
27.925
0.0
576
0.35971224
1
27.854
27.854
0.0
576
0.35971224
1
27.939
27.939
0.0
576
0.35971224
1
27.946
27.947
3.5783298E-5
576
0.35971224
1
27.797
27.797
0.0
