40896
25.539568
2
43.072
43.072
0.0
39360
24.580336
2
42.9
42.9
0.0
40896
25.539568
3
57.977
57.977
0.0
46080
28.77698
3
43.973
43.973
0.0
41280
25.779375
2
43.055
43.055
0.0
37824
23.621103
4
67.637
67.637
0.0
43008
26.858515
2
43.261
43.261
0.0
39744
24.820145
3
57.924
57.924
0.0
37248
23.26139
2
42.635
42.635
0.0
37056
23.141487
3
52.586
52.586
0.0
37632
23.5012
4
62.426
62.426
0.0
39168
24.460432
4
62.632
62.632
0.0
41856
26.13909
3
47.952
47.952
0.0
44160
27.577936
3
48.283
48.283
0.0
45888
28.657076
2
43.828
43.828
0.0
40704
25.419664
3
47.822
47.822
0.0
39168
24.460432
2
42.795
42.795
0.0
35328
22.062351
2
42.335
42.335
0.0
46080
28.77698
3
48.639
48.639
0.0
46656
29.13669
2
43.789
43.789
0.0
36096
22.541967
3
52.422
52.422
0.0
37632
23.5012
2
42.556
42.556
0.0
40128
25.059954
2
42.905
42.905
0.0
39168
24.460432
3
47.566
47.566
0.0
39936
24.940048
3
57.789
57.789
0.0
39936
24.940048
3
57.806
57.806
0.0
40704
25.419664
3
47.955
47.955
0.0
44160
27.577936
3
48.504
48.504
0.0
36288
22.661871
2
42.42
42.42
0.0
37440
23.381294
2
52.481
52.481
0.0
