3840
2.3980815
1
32.692
32.692
0.0
3840
2.3980815
1
32.653
32.653
0.0
3840
2.3980815
1
32.866
32.866
0.0
3840
2.3980815
1
32.636
32.636
0.0
3840
2.3980815
1
32.674
32.674
0.0
3840
2.3980815
1
32.654
32.654
0.0
3840
2.3980815
1
32.562
32.562
0.0
3840
2.3980815
1
32.77
32.77
0.0
3840
2.3980815
1
32.584
32.584
0.0
3840
2.3980815
1
32.668
32.668
0.0
3840
2.3980815
1
32.64
32.64
0.0
3840
2.3980815
1
32.605
32.605
0.0
3840
2.3980815
1
32.675
32.675
0.0
3840
2.3980815
1
32.623
32.623
0.0
3840
2.3980815
1
32.637
32.637
0.0
3840
2.3980815
1
32.394
32.394
0.0
3840
2.3980815
1
32.459
32.459
0.0
3840
2.3980815
1
32.551
32.551
0.0
3840
2.3980815
1
32.697
32.697
0.0
3840
2.3980815
1
32.681
32.681
0.0
3840
2.3980815
1
32.605
32.605
0.0
3840
2.3980815
1
32.518
32.518
0.0
3840
2.3980815
1
32.581
32.581
0.0
3840
2.3980815
1
32.579
32.579
0.0
3840
2.3980815
1
32.642
32.642
0.0
3840
2.3980815
1
32.635
32.635
0.0
3840
2.3980815
1
32.437
32.437
0.0
3840
2.3980815
1
32.679
32.679
0.0
3840
2.3980815
1
32.591
32.591
0.0
3840
2.3980815
1
32.636
32.636
0.0
3840
2.3980815
1
32.412
32.412
0.0
3840
2.3980815
1
32.684
32.684
0.0
3840
2.3980815
1
32.58
32.58
0.0
3840
2.3980815
1
32.662
32.662
0.0
3840
2.3980815
1
32.848
32.848
0.0
3840
2.3980815
1
32.569
32.569
0.0
3840
2.3980815
1
32.543
32.543
0.0
3840
2.3980815
1
32.618
32.618
0.0
3840
2.3980815
1
32.576
32.576
0.0
