19968
12.470024
2
45.21
45.21
0.0
19776
12.35012
1
35.076
35.076
0.0
19776
12.35012
1
34.924
34.924
0.0
21888
13.6690645
2
35.598
35.598
0.0
22848
14.268584
2
40.438
40.438
0.0
19776
12.35012
1
35.151
35.151
0.0
19776
12.35012
1
34.816
34.816
0.0
19776
12.35012
1
34.68
34.68
0.0
21888
13.6690645
2
35.519
35.519
0.0
19776
12.35012
1
35.106
35.106
0.0
19776
12.35012
1
35.025
35.025
0.0
19776
12.35012
1
34.537
34.537
0.0
19776
12.35012
1
34.709
34.709
0.0
19776
12.35012
1
35.052
35.052
0.0
19776
12.35012
1
35.067
35.067
0.0
23232
14.508393
2
40.169
40.169
0.0
19776
12.35012
1
34.95
34.95
0.0
19968
12.470024
2
45.162
45.162
0.0
19776
12.35012
1
35.097
35.097
0.0
22272
13.908874
2
40.165
40.165
0.0
19776
12.35012
1
34.741
34.741
0.0
19776
12.35012
1
34.844
34.844
0.0
19968
12.470024
2
45.172
45.172
0.0
19776
12.35012
1
34.764
34.764
0.0
19776
12.35012
1
35.073
35.073
0.0
19776
12.35012
1
35.021
35.021
0.0
19776
12.35012
1
34.89
34.89
0.0
19776
12.35012
1
34.547
34.547
0.0
19776
12.35012
1
34.87
34.87
0.0
19776
12.35012
1
34.779
34.779
0.0
