19584
12.230216
2
40.12
40.12
0.0
17280
10.791367
2
39.618
39.618
0.0
20736
12.949639
2
40.163
40.163
0.0
19008
11.870503
2
39.863
39.863
0.0
18624
11.630695
2
39.792
39.792
0.0
19584
12.230216
2
39.968
39.968
0.0
20736
12.949639
3
55.073
55.073
0.0
17280
10.791367
2
39.852
39.852
0.0
18624
11.630695
2
39.925
39.925
0.0
19392
12.1103115
2
39.874
39.874
0.0
19200
11.990408
3
50.038
50.038
0.0
20352
12.709832
3
54.896
54.896
0.0
18240
11.390887
2
39.77
39.77
0.0
18816
11.7506
2
39.928
39.928
0.0
18624
11.630695
2
39.733
39.733
0.0
19776
12.35012
2
40.044
40.044
0.0
15552
9.712231
2
39.419
39.419
0.0
19392
12.1103115
2
40.021
40.021
0.0
21312
13.309352
2
40.182
40.182
0.0
20928
13.069545
4
65.078
65.078
0.0
19776
12.35012
2
39.988
39.988
0.0
18624
11.630695
2
39.73
39.73
0.0
17472
10.911271
2
39.61
39.61
0.0
18432
11.510792
3
49.946
49.946
0.0
22080
13.788968
2
40.258
40.259
2.4839783E-5
37632
23.5012
3
49.852
49.852
0.0
17280
10.791367
2
39.516
39.516
0.0
20544
12.829736
2
40.108
40.108
0.0
19584
12.230216
2
39.952
39.952
0.0
17472
10.911271
2
39.722
39.722
0.0
