3840
2.3980815
1
27.8
27.8
0.0
3840
2.3980815
1
27.821
27.821
0.0
3840
2.3980815
1
27.794
27.794
0.0
3840
2.3980815
1
27.799
27.799
0.0
3840
2.3980815
1
27.807
27.807
0.0
3840
2.3980815
1
27.892
27.892
0.0
3840
2.3980815
1
27.904
27.904
0.0
3840
2.3980815
1
27.984
27.984
0.0
3840
2.3980815
1
27.955
27.955
0.0
3840
2.3980815
1
27.92
27.92
0.0
3840
2.3980815
1
27.91
27.91
0.0
3840
2.3980815
1
27.865
27.865
0.0
3840
2.3980815
1
27.869
27.869
0.0
3840
2.3980815
1
27.868
27.868
0.0
3840
2.3980815
1
27.883
27.883
0.0
3840
2.3980815
1
27.893
27.893
0.0
3840
2.3980815
1
27.875
27.875
0.0
3840
2.3980815
1
27.892
27.892
0.0
3840
2.3980815
1
27.838
27.838
0.0
3840
2.3980815
1
27.837
27.837
0.0
3840
2.3980815
1
27.8
27.8
0.0
3840
2.3980815
1
27.843
27.843
0.0
3840
2.3980815
1
27.775
27.775
0.0
3840
2.3980815
1
27.865
27.865
0.0
3840
2.3980815
1
27.879
27.879
0.0
3840
2.3980815
1
27.917
27.917
0.0
3840
2.3980815
1
27.948
27.948
0.0
3840
2.3980815
1
27.86
27.86
0.0
