16512
10.31175
1
30.181
30.181
0.0
16512
10.31175
1
30.005
30.005
0.0
17472
10.911271
2
35.286
35.286
0.0
18624
11.630695
2
35.381
35.381
0.0
24000
14.988009
2
36.252
36.252
0.0
19392
12.1103115
2
35.393
35.393
0.0
17472
10.911271
2
35.297
35.297
0.0
17472
10.911271
2
44.681
44.681
0.0
19776
12.35012
2
35.528
35.528
0.0
16512
10.31175
1
30.021
30.021
0.0
17472
10.911271
2
35.188
35.188
0.0
18624
11.630695
2
35.279
35.279
0.0
19200
11.990408
2
35.42
35.42
0.0
19392
12.1103115
3
40.274
40.274
0.0
21120
13.189448
2
35.58
35.58
0.0
