35136
21.942446
3
50.964
50.964
0.0
29760
18.585133
2
41.51
41.51
0.0
29376
18.345324
3
56.362
56.362
0.0
26880
16.786572
2
41.006
41.006
0.0
32448
20.26379
2
41.821
41.821
0.0
32448
20.26379
3
51.952
51.952
0.0
27840
17.386091
2
41.141
41.141
0.0
27264
17.026379
3
61.199
61.199
0.0
28224
17.6259
2
41.219
41.22
2.4260657E-5
27840
17.386091
2
41.18
41.18
0.0
29184
18.22542
2
41.125
41.125
0.0
29760
18.585133
3
56.409
56.409
0.0
29568
18.465229
2
41.337
41.337
0.0
30528
19.064749
2
41.513
41.513
0.0
28608
17.865707
2
41.227
41.227
0.0
30720
19.184652
2
41.488
41.488
0.0
32256
20.143885
2
41.803
41.803
0.0
26304
16.426859
3
51.128
51.128
0.0
28224
17.6259
3
51.274
51.274
0.0
28032
17.505997
3
56.128
56.128
0.0
33216
20.743406
3
56.861
56.861
0.0
25536
15.947242
3
60.908
60.908
0.0
30336
18.944845
3
56.54
56.54
0.0
32064
20.023981
3
41.889
41.889
0.0
23808
14.868106
2
40.407
40.407
0.0
25920
16.187052
2
40.827
40.827
0.0
27648
17.266188
2
41.1
41.1
0.0
28416
17.745804
2
41.175
41.175
0.0
27072
16.906475
2
40.94
40.94
0.0
27456
17.146284
2
41.088
41.088
0.0
