32640
20.383694
1
33.729
33.729
0.0
32640
20.383694
1
33.304
33.304
0.0
32640
20.383694
1
33.796
33.796
0.0
32640
20.383694
1
33.622
33.622
0.0
32640
20.383694
1
33.445
33.445
0.0
32640
20.383694
1
33.845
33.845
0.0
32640
20.383694
1
33.507
33.507
0.0
32640
20.383694
1
33.56
33.56
0.0
32640
20.383694
1
33.531
33.531
0.0
32640
20.383694
1
33.701
33.701
0.0
32640
20.383694
1
33.212
33.212
0.0
32640
20.383694
1
33.42
33.42
0.0
32640
20.383694
1
33.498
33.498
0.0
32640
20.383694
1
33.447
33.447
0.0
32640
20.383694
1
33.863
33.863
0.0
32640
20.383694
1
33.466
33.466
0.0
32640
20.383694
1
33.235
33.235
0.0
32640
20.383694
1
33.541
33.541
0.0
32640
20.383694
1
33.538
33.538
0.0
32640
20.383694
1
33.109
33.109
0.0
32640
20.383694
1
33.624
33.624
0.0
32640
20.383694
1
33.44
33.44
0.0
32640
20.383694
1
33.822
33.822
0.0
32640
20.383694
1
33.523
33.523
0.0
32640
20.383694
1
33.529
33.529
0.0
32640
20.383694
1
33.453
33.453
0.0
32640
20.383694
1
33.725
33.725
0.0
32640
20.383694
1
33.401
33.401
0.0
32640
20.383694
1
33.389
33.389
0.0
32640
20.383694
1
33.657
33.657
0.0
