18240
11.390887
2
39.831
39.831
0.0
19968
12.470024
2
40.066
40.066
0.0
20736
12.949639
2
40.161
40.161
0.0
20160
12.589929
2
39.98
39.98
0.0
19200
11.990408
2
39.914
39.914
0.0
20352
12.709832
2
40.102
40.102
0.0
17088
10.671463
2
39.633
39.633
0.0
19968
12.470024
2
40.031
40.031
0.0
19776
12.35012
2
39.984
39.984
0.0
23040
14.38849
2
40.538
40.538
0.0
21312
13.309352
2
40.074
40.074
0.0
19200
11.990408
2
39.809
39.809
0.0
19776
12.35012
2
39.892
39.892
0.0
16704
10.431655
2
39.558
39.558
0.0
20544
12.829736
3
50.266
50.266
0.0
21120
13.189448
2
40.198
40.198
0.0
18240
11.390887
2
39.765
39.765
0.0
23232
14.508393
2
40.401
40.401
0.0
19584
12.230216
2
39.914
39.914
0.0
19008
11.870503
2
39.834
39.834
0.0
21120
13.189448
2
40.153
40.153
0.0
18816
11.7506
2
39.876
39.876
0.0
19008
11.870503
2
39.775
39.775
0.0
18816
11.7506
2
39.875
39.875
0.0
23424
14.628297
2
40.469
40.469
0.0
17280
10.791367
2
39.525
39.525
0.0
17280
10.791367
2
39.549
39.549
0.0
18048
11.270984
2
39.718
39.718
0.0
17472
10.911271
2
39.573
39.573
0.0
19008
11.870503
2
39.975
39.975
0.0
