44160
27.577936
3
48.411
48.411
0.0
41856
26.13909
4
63.017
63.017
0.0
39744
24.820145
5
72.958
72.958
0.0
44160
27.577936
2
43.401
43.401
0.0
41664
26.019186
4
63.026
63.026
0.0
39744
24.820145
2
42.996
42.996
0.0
47232
29.4964
2
43.811
43.811
0.0
41664
26.019186
4
68.237
68.237
0.0
43776
27.338129
4
58.618
58.618
0.0
46080
28.77698
3
53.846
53.846
0.0
34944
21.822542
2
42.261
42.261
0.0
38400
23.980816
3
57.458
57.459
1.7404016E-5
40512
25.29976
4
58.022
58.022
0.0
37440
23.381294
2
42.588
42.588
0.0
42048
26.258993
3
58.02
58.02
0.0
39936
24.940048
3
52.925
52.925
0.0
39168
24.460432
4
57.842
57.842
0.0
45312
28.297361
3
48.368
48.368
0.0
39936
24.940048
4
67.92
67.92
0.0
41280
25.779375
4
58.149
58.149
0.0
45312
28.297361
5
63.706
63.706
0.0
42432
26.4988
3
48.079
48.079
0.0
43008
26.858515
3
48.238
48.238
0.0
44160
27.577936
4
58.526
58.526
0.0
41088
25.659472
3
47.875
47.875
0.0
38784
24.220623
3
47.585
47.585
0.0
43008
26.858515
5
73.355
73.355
0.0
42816
26.738607
3
58.219
58.219
0.0
39744
24.820145
3
47.691
47.691
0.0
37632
23.5012
3
42.655
42.655
0.0
