29376
18.345324
1
31.366
31.366
0.0
29376
18.345324
1
31.358
31.358
0.0
29376
18.345324
1
31.351
31.351
0.0
29376
18.345324
1
31.402
31.402
0.0
29376
18.345324
1
31.386
31.386
0.0
29376
18.345324
1
31.526
31.526
0.0
29376
18.345324
1
31.519
31.519
0.0
29376
18.345324
1
31.489
31.489
0.0
29376
18.345324
1
31.445
31.445
0.0
29376
18.345324
1
31.463
31.463
0.0
29376
18.345324
1
31.439
31.439
0.0
29376
18.345324
1
31.449
31.449
0.0
29376
18.345324
1
31.353
31.353
0.0
29376
18.345324
1
31.499
31.499
0.0
29376
18.345324
1
31.422
31.422
0.0
29376
18.345324
1
31.446
31.446
0.0
29376
18.345324
1
31.379
31.379
0.0
29376
18.345324
1
31.445
31.445
0.0
29376
18.345324
1
31.381
31.381
0.0
29376
18.345324
1
31.507
31.507
0.0
29376
18.345324
1
31.36
31.36
0.0
29376
18.345324
1
31.361
31.361
0.0
29376
18.345324
1
31.479
31.479
0.0
29376
18.345324
1
31.476
31.476
0.0
29376
18.345324
1
31.311
31.311
0.0
