26112
16.306955
1
34.623
34.623
0.0
26112
16.306955
1
34.998
34.998
0.0
26112
16.306955
1
35.031
35.031
0.0
26112
16.306955
1
34.601
34.601
0.0
26304
16.426859
2
46.087
46.087
0.0
26112
16.306955
1
35.143
35.143
0.0
26304
16.426859
2
46.109
46.109
0.0
26112
16.306955
1
35.06
35.06
0.0
26112
16.306955
1
34.327
34.327
0.0
26112
16.306955
1
34.87
34.87
0.0
26112
16.306955
1
35.016
35.016
0.0
26496
16.546762
2
46.022
46.022
0.0
26112
16.306955
1
35.051
35.051
0.0
26304
16.426859
2
46.161
46.161
0.0
26112
16.306955
1
34.408
34.408
0.0
26112
16.306955
1
34.922
34.922
0.0
26112
16.306955
1
34.873
34.873
0.0
26112
16.306955
1
34.88
34.88
0.0
26112
16.306955
1
34.677
34.677
0.0
26112
16.306955
1
34.617
34.617
0.0
26112
16.306955
1
34.745
34.745
0.0
26112
16.306955
1
34.93
34.93
0.0
26112
16.306955
1
34.337
34.337
0.0
26112
16.306955
1
34.908
34.908
0.0
26112
16.306955
1
35.762
35.762
0.0
26112
16.306955
1
34.222
34.222
0.0
26112
16.306955
1
35.261
35.261
0.0
26112
16.306955
1
34.739
34.739
0.0
26112
16.306955
1
34.728
34.728
0.0
26112
16.306955
1
34.616
34.616
0.0
