16512
10.31175
1
33.858
33.858
0.0
16512
10.31175
1
33.54
33.54
0.0
16512
10.31175
1
33.685
33.685
0.0
16512
10.31175
1
33.628
33.628
0.0
16512
10.31175
1
33.735
33.735
0.0
16512
10.31175
1
33.465
33.465
0.0
16512
10.31175
1
33.822
33.822
0.0
16512
10.31175
1
33.552
33.552
0.0
16512
10.31175
1
33.487
33.487
0.0
16512
10.31175
1
33.621
33.621
0.0
16512
10.31175
1
33.693
33.693
0.0
16512
10.31175
1
33.727
33.727
0.0
16512
10.31175
1
33.344
33.344
0.0
16512
10.31175
1
33.455
33.455
0.0
16512
10.31175
1
33.393
33.393
0.0
16512
10.31175
1
33.61
33.61
0.0
16512
10.31175
1
33.608
33.608
0.0
16512
10.31175
1
33.491
33.491
0.0
16512
10.31175
1
33.623
33.623
0.0
16512
10.31175
1
33.509
33.509
0.0
16512
10.31175
1
33.694
33.694
0.0
16512
10.31175
1
33.877
33.877
0.0
16512
10.31175
1
33.966
33.966
0.0
16512
10.31175
1
33.359
33.359
0.0
16512
10.31175
1
33.63
33.63
0.0
16512
10.31175
1
33.507
33.507
0.0
16512
10.31175
1
33.86
33.86
0.0
16512
10.31175
1
33.477
33.477
0.0
16512
10.31175
1
33.873
33.873
0.0
16512
10.31175
1
33.376
33.376
0.0
