26112
16.306955
1
34.094
34.094
0.0
26304
16.426859
2
46.091
46.091
0.0
26112
16.306955
1
33.602
33.602
0.0
26304
16.426859
2
46.076
46.076
0.0
26112
16.306955
1
33.449
33.449
0.0
26112
16.306955
1
33.551
33.551
0.0
26112
16.306955
1
33.686
33.686
0.0
26112
16.306955
1
33.595
33.595
0.0
26112
16.306955
1
33.577
33.577
0.0
26112
16.306955
1
33.528
33.528
0.0
26112
16.306955
1
33.361
33.361
0.0
26112
16.306955
1
33.234
33.234
0.0
26112
16.306955
1
33.407
33.407
0.0
26112
16.306955
1
33.85
33.85
0.0
26112
16.306955
1
33.304
33.304
0.0
26112
16.306955
1
33.249
33.249
0.0
26112
16.306955
1
33.64
33.64
0.0
26112
16.306955
1
33.719
33.719
0.0
26112
16.306955
1
33.734
33.734
0.0
26112
16.306955
1
33.558
33.558
0.0
26112
16.306955
1
33.482
33.482
0.0
26112
16.306955
1
33.469
33.469
0.0
26112
16.306955
1
33.636
33.636
0.0
26112
16.306955
1
33.737
33.737
0.0
26112
16.306955
1
33.586
33.586
0.0
26304
16.426859
2
46.036
46.036
0.0
26112
16.306955
1
33.57
33.57
0.0
26112
16.306955
1
33.446
33.446
0.0
26112
16.306955
1
33.433
33.433
0.0
26112
16.306955
1
33.808
33.808
0.0
