32640
20.383694
1
36.44
36.44
0.0
32640
20.383694
1
36.4
36.4
0.0
32640
20.383694
1
35.907
35.907
0.0
35328
22.062351
3
52.362
52.362
0.0
32640
20.383694
1
36.246
36.246
0.0
32640
20.383694
1
36.696
36.696
0.0
32640
20.383694
1
36.047
36.047
0.0
32640
20.383694
1
36.239
36.239
0.0
32640
20.383694
1
36.224
36.224
0.0
32640
20.383694
1
36.752
36.752
0.0
32640
20.383694
1
36.73
36.73
0.0
32640
20.383694
1
36.579
36.579
0.0
32640
20.383694
1
36.527
36.527
0.0
32640
20.383694
1
35.27
35.27
0.0
32832
20.503597
2
46.963
46.963
0.0
32640
20.383694
1
36.207
36.207
0.0
32640
20.383694
1
36.005
36.005
0.0
32640
20.383694
1
36.366
36.366
0.0
32640
20.383694
1
35.66
35.66
0.0
32640
20.383694
1
36.217
36.217
0.0
32640
20.383694
1
36.213
36.213
0.0
32640
20.383694
1
35.505
35.505
0.0
32640
20.383694
1
35.732
35.732
0.0
32640
20.383694
1
36.199
36.199
0.0
32640
20.383694
1
36.03
36.03
0.0
32832
20.503597
2
46.923
46.923
0.0
32832
20.503597
2
46.894
46.894
0.0
32640
20.383694
1
36.182
36.182
0.0
32640
20.383694
1
36.254
36.254
0.0
32832
20.503597
2
46.971
46.971
0.0
