26880
16.786572
2
36.563
36.563
0.0
30720
19.184652
3
51.315
51.315
0.0
32256
20.143885
3
42.316
42.316
0.0
25536
15.947242
2
36.302
36.302
0.0
30912
19.304556
4
56.735
56.735
0.0
33216
20.743406
4
56.74
56.74
0.0
27840
17.386091
3
41.466
41.466
0.0
35136
21.942446
4
57.039
57.039
0.0
31680
19.784174
3
42.129
42.129
0.0
26880
16.786572
2
36.658
36.658
0.0
32256
20.143885
4
66.436
66.436
0.0
29952
18.705036
3
41.795
41.795
0.0
26304
16.426859
2
36.412
36.412
0.0
23616
14.7482
2
36.07
36.07
0.0
33216
20.743406
3
42.294
42.294
0.0
31680
19.784174
3
42.075
42.075
0.0
26304
16.426859
3
41.322
41.322
0.0
25344
15.827338
3
41.178
41.178
0.0
26880
16.786572
2
36.629
36.629
0.0
34368
21.46283
3
42.303
42.303
0.0
32640
20.383694
2
37.34
37.34
0.0
28416
17.745804
2
36.758
36.758
0.0
34176
21.342926
3
42.459
42.459
0.0
30912
19.304556
2
37.001
37.001
0.0
28032
17.505997
2
36.765
36.765
0.0
27072
16.906475
2
36.747
36.748
2.7213106E-5
29568
18.465229
3
41.661
41.661
0.0
