10176
6.354916
1
30.562
30.562
0.0
10176
6.354916
1
28.712
28.712
0.0
10176
6.354916
1
28.733
28.733
0.0
10176
6.354916
1
28.688
28.688
0.0
10176
6.354916
1
28.709
28.709
0.0
10176
6.354916
1
28.767
28.767
0.0
10176
6.354916
1
28.803
28.803
0.0
10176
6.354916
1
28.904
28.904
0.0
10176
6.354916
1
28.843
28.843
0.0
10176
6.354916
1
28.745
28.745
0.0
10176
6.354916
1
28.786
28.786
0.0
10176
6.354916
1
28.757
28.757
0.0
10176
6.354916
1
28.766
28.766
0.0
10176
6.354916
1
28.791
28.791
0.0
10176
6.354916
1
28.772
28.772
0.0
10176
6.354916
1
28.797
28.797
0.0
10176
6.354916
1
28.747
28.748
3.4786237E-5
10176
6.354916
1
28.728
28.728
0.0
10176
6.354916
1
28.688
28.688
0.0
10176
6.354916
1
28.74
28.74
0.0
10176
6.354916
1
28.9
28.9
0.0
10176
6.354916
1
28.682
28.682
0.0
10176
6.354916
1
28.727
28.727
0.0
10176
6.354916
1
28.67
28.67
0.0
10176
6.354916
1
28.673
28.673
0.0
10176
6.354916
1
28.678
28.678
0.0
10176
6.354916
1
28.796
28.796
0.0
10176
6.354916
1
28.909
28.909
0.0
