32640
20.383694
1
31.883
31.883
0.0
32640
20.383694
1
31.815
31.815
0.0
32640
20.383694
1
31.816
31.816
0.0
32640
20.383694
1
32.175
32.175
0.0
32640
20.383694
1
31.864
31.864
0.0
32640
20.383694
1
31.914
31.914
0.0
32640
20.383694
1
31.924
31.924
0.0
32640
20.383694
1
31.896
31.896
0.0
32640
20.383694
1
31.89
31.89
0.0
32640
20.383694
1
31.948
31.948
0.0
32640
20.383694
1
31.876
31.876
0.0
32640
20.383694
1
31.876
31.876
0.0
32640
20.383694
1
31.951
31.951
0.0
32640
20.383694
1
31.895
31.895
0.0
32640
20.383694
1
31.892
31.892
0.0
