29376
18.345324
1
31.636
31.636
0.0
29376
18.345324
1
31.989
31.989
0.0
29376
18.345324
1
32.021
32.021
0.0
29376
18.345324
1
31.012
31.012
0.0
30336
18.944845
2
36.844
36.844
0.0
32256
20.143885
3
42.006
42.006
0.0
29376
18.345324
1
31.553
31.553
0.0
29376
18.345324
1
31.663
31.663
0.0
30336
18.944845
2
46.34
46.34
0.0
30336
18.944845
2
46.437
46.437
0.0
29376
18.345324
1
31.961
31.961
0.0
30336
18.944845
2
37.083
37.083
0.0
30336
18.944845
2
46.406
46.406
0.0
31488
19.664268
2
37.142
37.142
0.0
29376
18.345324
1
31.467
31.467
0.0
29376
18.345324
1
31.869
31.869
0.0
29376
18.345324
1
32.002
32.002
0.0
29376
18.345324
1
31.329
31.329
0.0
30336
18.944845
2
36.868
36.868
0.0
29376
18.345324
1
31.517
31.517
0.0
29376
18.345324
1
31.843
31.843
0.0
29376
18.345324
1
31.517
31.517
0.0
35520
22.182255
3
52.177
52.177
0.0
33792
21.103117
3
51.941
51.941
0.0
