18240
11.390887
2
39.814
39.814
0.0
18624
11.630695
2
39.801
39.801
0.0
19200
11.990408
3
50.094
50.094
0.0
19584
12.230216
2
39.916
39.916
0.0
18048
11.270984
2
49.737
49.737
0.0
18432
11.510792
3
49.964
49.964
0.0
21696
13.549161
3
55.373
55.373
0.0
19008
11.870503
2
39.952
39.952
0.0
22080
13.788968
2
40.236
40.236
0.0
18816
11.7506
3
50.066
50.066
0.0
19584
12.230216
2
39.709
39.709
0.0
18240
11.390887
2
39.719
39.719
0.0
14976
9.352518
2
39.286
39.286
0.0
21888
13.6690645
2
40.116
40.116
0.0
18432
11.510792
3
54.746
54.746
0.0
20928
13.069545
2
39.928
39.928
0.0
20160
12.589929
3
54.915
54.915
0.0
17664
11.031176
2
39.789
39.789
0.0
15360
9.592326
2
39.41
39.41
0.0
21120
13.189448
2
40.103
40.103
0.0
16704
10.431655
3
54.417
54.417
0.0
18816
11.7506
3
54.899
54.899
0.0
21696
13.549161
2
40.179
40.179
0.0
18816
11.7506
2
39.957
39.957
0.0
19584
12.230216
3
54.805
54.805
0.0
19968
12.470024
3
50.182
50.182
0.0
13440
8.393286
2
39.053
39.053
0.0
23232
14.508393
2
40.574
40.574
0.0
19008
11.870503
2
39.837
39.837
0.0
20160
12.589929
2
39.913
39.913
0.0
