16512
10.31175
1
29.619
29.619
0.0
16512
10.31175
1
29.553
29.553
0.0
16512
10.31175
1
29.559
29.559
0.0
16512
10.31175
1
29.651
29.651
0.0
16512
10.31175
1
29.527
29.527
0.0
16512
10.31175
1
29.641
29.641
0.0
16512
10.31175
1
29.67
29.67
0.0
16512
10.31175
1
29.661
29.661
0.0
16512
10.31175
1
29.658
29.658
0.0
16512
10.31175
1
29.62
29.62
0.0
16512
10.31175
1
29.569
29.569
0.0
16512
10.31175
1
29.551
29.551
0.0
16512
10.31175
1
29.638
29.638
0.0
16512
10.31175
1
29.663
29.664
3.3712033E-5
16512
10.31175
1
29.683
29.683
0.0
16512
10.31175
1
29.65
29.65
0.0
