31104
19.424461
3
56.752
56.752
0.0
26304
16.426859
2
40.917
40.917
0.0
26112
16.306955
3
51.082
51.082
0.0
29952
18.705036
2
41.61
41.61
0.0
26496
16.546762
2
40.88
40.88
0.0
27456
17.146284
2
41.275
41.275
0.0
25152
15.707435
2
40.741
40.741
0.0
27648
17.266188
2
41.16
41.16
0.0
36672
22.901678
3
47.356
47.357
2.1116648E-5
31680
19.784174
2
41.672
41.672
0.0
26496
16.546762
2
40.945
40.945
0.0
33600
20.983213
3
46.798
46.798
0.0
30144
18.82494
2
41.574
41.574
0.0
26880
16.786572
2
41.071
41.071
0.0
32832
20.503597
2
41.962
41.962
0.0
28416
17.745804
3
51.374
51.374
0.0
27456
17.146284
3
51.23
51.23
0.0
37632
23.5012
2
42.324
42.324
0.0
32832
20.503597
2
41.978
41.978
0.0
33408
20.86331
2
41.935
41.935
0.0
31488
19.664268
2
41.611
41.611
0.0
28224
17.6259
2
41.122
41.122
0.0
32448
20.26379
3
46.73
46.73
0.0
24576
15.347722
2
40.726
40.726
0.0
31296
19.544365
3
61.694
61.694
0.0
30528
19.064749
2
41.585
41.585
0.0
30528
19.064749
2
41.509
41.509
0.0
27264
17.026379
2
41.246
41.246
0.0
28992
18.105516
2
41.252
41.252
0.0
33792
21.103117
3
46.781
46.781
0.0
