13440
8.393286
1
29.284
29.284
0.0
13440
8.393286
1
29.267
29.267
0.0
13440
8.393286
1
29.261
29.261
0.0
13440
8.393286
1
29.285
29.285
0.0
13440
8.393286
1
29.234
29.234
0.0
13440
8.393286
1
29.219
29.219
0.0
13440
8.393286
1
29.21
29.21
0.0
13440
8.393286
1
29.203
29.203
0.0
13440
8.393286
1
29.238
29.238
0.0
13440
8.393286
1
29.092
29.092
0.0
13440
8.393286
1
29.256
29.256
0.0
13440
8.393286
1
29.228
29.228
0.0
13440
8.393286
1
29.428
29.428
0.0
13440
8.393286
1
29.279
29.279
0.0
13440
8.393286
1
29.235
29.235
0.0
