384
3.7735848
1
2816
2816
0.0
960
9.433963
3
2979
2979
0.0
384
3.7735848
1
2850
2850
0.0
960
9.433963
3
2982
2982
0.0
960
9.433963
3
3974
3974
0.0
960
9.433963
3
2990
2990
0.0
768
7.5471697
2
2970
2970
0.0
768
7.5471697
2
2931
2931
0.0
384
3.7735848
1
2876
2876
0.0
768
7.5471697
2
2952
2952
0.0
768
7.5471697
2
2928
2928
0.0
768
7.5471697
2
2928
2928
0.0
1536
15.094339
4
3366
3366
0.0
384
3.7735848
1
2837
2838
3.5248502E-4
384
3.7735848
1
2858
2858
0.0
768
7.5471697
2
2936
2936
0.0
1152
11.320755
3
3079
3079
0.0
960
9.433963
3
4033
4033
0.0
960
9.433963
3
3979
3979
0.0
768
7.5471697
2
2911
2911
0.0
