3264
2.0383694
2
37.645
37.645
0.0
4224
2.6378896
2
37.746
37.746
0.0
3072
1.9184653
2
37.591
37.591
0.0
3840
2.3980815
2
37.682
37.682
0.0
4032
2.5179856
2
37.727
37.727
0.0
3264
2.0383694
2
37.626
37.626
0.0
3456
2.1582735
2
37.627
37.627
0.0
3456
2.1582735
2
37.625
37.625
0.0
2880
1.7985612
2
37.56
37.56
0.0
3072
1.9184653
2
37.619
37.619
0.0
3264
2.0383694
2
37.655
37.655
0.0
3264
2.0383694
2
37.608
37.608
0.0
3648
2.2781775
2
37.571
37.571
0.0
3456
2.1582735
2
37.555
37.555
0.0
3840
2.3980815
2
37.7
37.7
0.0
3456
2.1582735
2
37.469
37.469
0.0
4416
2.757794
2
37.657
37.657
0.0
4032
2.5179856
2
37.694
37.694
0.0
3456
2.1582735
2
37.64
37.64
0.0
3072
1.9184653
2
37.399
37.399
0.0
3072
1.9184653
2
37.563
37.563
0.0
3648
2.2781775
2
37.627
37.627
0.0
3840
2.3980815
2
37.717
37.717
0.0
2880
1.7985612
2
37.529
37.529
0.0
4032
2.5179856
2
37.692
37.692
0.0
3840
2.3980815
2
37.619
37.619
0.0
3456
2.1582735
2
37.624
37.624
0.0
3648
2.2781775
2
37.628
37.628
0.0
3072
1.9184653
2
37.514
37.514
0.0
3264
2.0383694
2
37.654
37.654
0.0
576
0.35971224
1
32.303
32.303
0.0
3072
1.9184653
2
37.641
37.641
0.0
4608
2.877698
2
37.711
37.711
0.0
3840
2.3980815
2
37.536
37.536
0.0
3264
2.0383694
2
37.598
37.598
0.0
3264
2.0383694
2
37.582
37.582
0.0
3840
2.3980815
2
37.7
37.7
0.0
576
0.35971224
1
32.486
32.486
0.0
4416
2.757794
2
37.807
37.807
0.0
