960
9.433963
1
2925
2925
0.0
960
9.433963
1
2873
2873
0.0
960
9.433963
1
2814
2814
0.0
1344
13.207547
2
3011
3011
0.0
960
9.433963
1
2899
2899
0.0
960
9.433963
1
2917
2917
0.0
960
9.433963
1
2832
2832
0.0
1536
15.094339
3
3094
3094
0.0
960
9.433963
1
2929
2929
0.0
960
9.433963
1
3021
3021
0.0
960
9.433963
1
2957
2957
0.0
1344
13.207547
2
3054
3054
0.0
960
9.433963
1
3213
3213
0.0
960
9.433963
1
3005
3005
0.0
960
9.433963
1
2819
2819
0.0
1344
13.207547
2
3312
3312
0.0
1344
13.207547
2
3048
3048
0.0
960
9.433963
1
2918
2918
0.0
960
9.433963
1
3010
3010
0.0
960
9.433963
1
3019
3019
0.0
