32640
20.383694
1
35.07
35.07
0.0
32640
20.383694
1
35.296
35.296
0.0
32640
20.383694
1
34.891
34.891
0.0
32640
20.383694
1
34.975
34.975
0.0
32640
20.383694
1
35.008
35.008
0.0
32832
20.503597
2
46.989
46.989
0.0
32640
20.383694
1
34.756
34.756
0.0
32640
20.383694
1
34.601
34.601
0.0
32640
20.383694
1
34.533
34.533
0.0
32640
20.383694
1
34.618
34.619
2.8886707E-5
32640
20.383694
1
35.217
35.217
0.0
32640
20.383694
1
35.136
35.136
0.0
32640
20.383694
1
35.194
35.194
0.0
32640
20.383694
1
35.109
35.109
0.0
32640
20.383694
1
34.31
34.31
0.0
32640
20.383694
1
34.353
34.353
0.0
32640
20.383694
1
34.304
34.304
0.0
32640
20.383694
1
35.12
35.12
0.0
32640
20.383694
1
35.324
35.324
0.0
32640
20.383694
1
35.084
35.084
0.0
32640
20.383694
1
34.84
34.84
0.0
32640
20.383694
1
34.871
34.871
0.0
32640
20.383694
1
34.768
34.768
0.0
32640
20.383694
1
35.393
35.393
0.0
32640
20.383694
1
34.959
34.959
0.0
32640
20.383694
1
34.687
34.687
0.0
32640
20.383694
1
34.483
34.483
0.0
32640
20.383694
1
34.872
34.872
0.0
32640
20.383694
1
34.737
34.737
0.0
32640
20.383694
1
35.307
35.307
0.0
