6912
4.316547
1
32.64
32.64
0.0
6912
4.316547
1
32.654
32.654
0.0
6912
4.316547
1
32.565
32.565
0.0
6912
4.316547
1
32.736
32.736
0.0
6912
4.316547
1
32.736
32.736
0.0
6912
4.316547
1
32.604
32.604
0.0
6912
4.316547
1
32.725
32.725
0.0
6912
4.316547
1
32.69
32.69
0.0
6912
4.316547
1
32.732
32.732
0.0
6912
4.316547
1
32.701
32.701
0.0
6912
4.316547
1
32.797
32.797
0.0
6912
4.316547
1
32.512
32.512
0.0
6912
4.316547
1
32.593
32.593
0.0
6912
4.316547
1
32.608
32.608
0.0
6912
4.316547
1
32.597
32.597
0.0
6912
4.316547
1
32.297
32.297
0.0
6912
4.316547
1
32.496
32.496
0.0
6912
4.316547
1
32.379
32.379
0.0
6912
4.316547
1
32.515
32.515
0.0
6912
4.316547
1
32.486
32.486
0.0
7104
4.436451
2
43.34
43.34
0.0
6912
4.316547
1
32.589
32.589
0.0
6912
4.316547
1
32.582
32.582
0.0
6912
4.316547
1
32.596
32.596
0.0
6912
4.316547
1
32.595
32.595
0.0
6912
4.316547
1
32.664
32.664
0.0
6912
4.316547
1
32.752
32.752
0.0
6912
4.316547
1
32.635
32.635
0.0
6912
4.316547
1
32.728
32.728
0.0
6912
4.316547
1
32.566
32.566
0.0
6912
4.316547
1
32.63
32.63
0.0
6912
4.316547
1
32.577
32.577
0.0
6912
4.316547
1
32.482
32.482
0.0
6912
4.316547
1
32.655
32.655
0.0
6912
4.316547
1
32.535
32.535
0.0
6912
4.316547
1
32.726
32.726
0.0
6912
4.316547
1
32.651
32.651
0.0
6912
4.316547
1
32.617
32.617
0.0
6912
4.316547
1
32.707
32.707
0.0
