3072
30.188679
1
2918
2918
0.0
3072
30.188679
1
2965
2965
0.0
3072
30.188679
1
2877
2877
0.0
3072
30.188679
1
2930
2930
0.0
3072
30.188679
1
2874
2874
0.0
3072
30.188679
1
3031
3031
0.0
3072
30.188679
1
3125
3125
0.0
3072
30.188679
1
2996
2996
0.0
3072
30.188679
1
2883
2883
0.0
3072
30.188679
1
2977
2977
0.0
3072
30.188679
1
2976
2976
0.0
3072
30.188679
1
2964
2964
0.0
3072
30.188679
1
2941
2941
0.0
3072
30.188679
1
2947
2947
0.0
3072
30.188679
1
2928
2928
0.0
3072
30.188679
1
2901
2901
0.0
3072
30.188679
1
3030
3030
0.0
3072
30.188679
1
2929
2929
0.0
3072
30.188679
1
2951
2951
0.0
3072
30.188679
1
2880
2880
0.0
