38208
23.86091
2
52.596
52.596
0.0
43392
27.098322
2
43.426
43.427
2.302768E-5
45504
28.417265
2
53.695
53.695
0.0
40320
25.179857
2
42.884
42.884
0.0
39552
24.70024
2
42.694
42.694
0.0
38592
24.10072
2
42.539
42.539
0.0
40128
25.059954
2
42.886
42.886
0.0
40128
25.059954
3
63.076
63.077
1.585389E-5
40512
25.29976
2
53.033
53.033
0.0
46848
29.256594
5
73.965
73.965
0.0
43200
26.978418
3
53.444
53.444
0.0
39168
24.460432
4
67.905
67.905
0.0
40128
25.059954
2
42.833
42.833
0.0
35712
22.302158
1
37.355
37.355
0.0
38208
23.86091
2
42.404
42.404
0.0
41280
25.779375
2
43.031
43.031
0.0
42816
26.738607
3
58.24
58.24
0.0
45120
28.177458
4
68.689
68.689
0.0
38976
24.340528
2
42.618
42.618
0.0
44928
28.057554
3
58.492
58.492
0.0
41088
25.659472
2
42.999
42.999
0.0
43200
26.978418
2
43.351
43.351
0.0
39744
24.820145
2
42.761
42.761
0.0
42624
26.618704
2
43.299
43.299
0.0
42432
26.4988
2
43.304
43.304
0.0
40512
25.29976
2
42.913
42.913
0.0
35712
22.302158
1
37.354
37.354
0.0
40704
25.419664
3
53.184
53.184
0.0
35712
22.302158
1
37.311
37.311
0.0
38784
24.220623
2
42.645
42.646
2.3449407E-5
