38976
24.340528
1
32.98
32.98
0.0
38976
24.340528
1
32.888
32.889
3.0406227E-5
38976
24.340528
1
32.917
32.917
0.0
38976
24.340528
1
32.895
32.895
0.0
38976
24.340528
1
32.911
32.911
0.0
38976
24.340528
1
32.911
32.911
0.0
38976
24.340528
1
32.877
32.877
0.0
38976
24.340528
1
32.905
32.905
0.0
38976
24.340528
1
32.881
32.881
0.0
38976
24.340528
1
32.913
32.913
0.0
38976
24.340528
1
32.594
32.594
0.0
38976
24.340528
1
32.95
32.95
0.0
38976
24.340528
1
32.841
32.841
0.0
38976
24.340528
1
32.7
32.7
0.0
38976
24.340528
1
32.877
32.877
0.0
38976
24.340528
1
32.838
32.838
0.0
38976
24.340528
1
32.743
32.743
0.0
38976
24.340528
1
32.872
32.872
0.0
38976
24.340528
1
32.861
32.861
0.0
38976
24.340528
1
32.87
32.87
0.0
38976
24.340528
1
32.846
32.846
0.0
38976
24.340528
1
32.817
32.817
0.0
38976
24.340528
1
32.793
32.793
0.0
38976
24.340528
1
32.883
32.883
0.0
38976
24.340528
1
32.841
32.841
0.0
38976
24.340528
1
32.858
32.858
0.0
38976
24.340528
1
32.893
32.893
0.0
38976
24.340528
1
32.872
32.872
0.0
38976
24.340528
1
32.848
32.848
0.0
38976
24.340528
1
32.824
32.824
0.0
38976
24.340528
1
32.545
32.545
0.0
38976
24.340528
1
32.72
32.72
0.0
38976
24.340528
1
32.862
32.862
0.0
38976
24.340528
1
32.543
32.543
0.0
38976
24.340528
1
32.727
32.727
0.0
38976
24.340528
1
32.941
32.941
0.0
38976
24.340528
1
32.783
32.783
0.0
38976
24.340528
1
32.958
32.958
0.0
38976
24.340528
1
32.895
32.895
0.0
38976
24.340528
1
32.637
32.637
0.0
