26112
16.306955
1
30.98
30.981
3.227889E-5
26112
16.306955
1
30.94
30.94
0.0
26112
16.306955
1
30.943
30.943
0.0
26112
16.306955
1
30.943
30.943
0.0
26112
16.306955
1
31.006
31.006
0.0
26112
16.306955
1
30.999
30.999
0.0
26112
16.306955
1
30.901
30.901
0.0
26112
16.306955
1
30.957
30.957
0.0
26112
16.306955
1
30.967
30.967
0.0
26112
16.306955
1
30.892
30.892
0.0
26112
16.306955
1
30.975
30.975
0.0
26112
16.306955
1
30.987
30.987
0.0
26112
16.306955
1
30.993
30.993
0.0
26112
16.306955
1
30.95
30.95
0.0
