35712
22.302158
1
32.164
32.164
0.0
35712
22.302158
1
32.248
32.249
3.1009677E-5
35712
22.302158
1
32.272
32.272
0.0
35712
22.302158
1
32.246
32.246
0.0
35712
22.302158
1
32.233
32.233
0.0
35712
22.302158
1
32.361
32.361
0.0
35712
22.302158
1
32.429
32.429
0.0
35712
22.302158
1
32.319
32.319
0.0
35712
22.302158
1
32.348
32.348
0.0
35712
22.302158
1
32.229
32.229
0.0
35712
22.302158
1
32.3
32.3
0.0
35712
22.302158
1
32.283
32.283
0.0
35712
22.302158
1
32.346
32.346
0.0
35712
22.302158
1
32.248
32.248
0.0
35712
22.302158
1
32.36
32.36
0.0
35712
22.302158
1
32.308
32.308
0.0
35712
22.302158
1
32.235
32.235
0.0
35712
22.302158
1
32.332
32.332
0.0
35712
22.302158
1
32.33
32.33
0.0
35712
22.302158
1
32.306
32.306
0.0
35712
22.302158
1
32.226
32.226
0.0
35712
22.302158
1
32.266
32.266
0.0
35712
22.302158
1
32.346
32.346
0.0
35712
22.302158
1
32.412
32.412
0.0
35712
22.302158
1
32.197
32.197
0.0
