29568
18.465229
2
46.593
46.593
0.0
29376
18.345324
1
35.252
35.252
0.0
29376
18.345324
1
35.13
35.13
0.0
29376
18.345324
1
35.09
35.09
0.0
29568
18.465229
2
46.554
46.554
0.0
29376
18.345324
1
35.007
35.007
0.0
29376
18.345324
1
34.517
34.517
0.0
29376
18.345324
1
34.808
34.808
0.0
29376
18.345324
1
34.863
34.863
0.0
29376
18.345324
1
34.955
34.955
0.0
29376
18.345324
1
34.905
34.905
0.0
29376
18.345324
1
35.555
35.555
0.0
29376
18.345324
1
35.298
35.298
0.0
29376
18.345324
1
34.676
34.676
0.0
29568
18.465229
2
46.393
46.393
0.0
29376
18.345324
1
34.799
34.799
0.0
29376
18.345324
1
34.932
34.932
0.0
29376
18.345324
1
34.622
34.622
0.0
29376
18.345324
1
34.451
34.451
0.0
29376
18.345324
1
34.708
34.708
0.0
29376
18.345324
1
34.965
34.965
0.0
29376
18.345324
1
34.672
34.672
0.0
29376
18.345324
1
34.703
34.703
0.0
29376
18.345324
1
34.399
34.399
0.0
29376
18.345324
1
35.412
35.412
0.0
29376
18.345324
1
34.857
34.857
0.0
29376
18.345324
1
35.247
35.247
0.0
29376
18.345324
1
34.81
34.81
0.0
29376
18.345324
1
34.886
34.886
0.0
29376
18.345324
1
34.958
34.958
0.0
