40512
25.29976
3
43.119
43.119
0.0
40512
25.29976
2
43.016
43.016
0.0
43200
26.978418
2
43.545
43.545
0.0
42048
26.258993
2
42.86
42.86
0.0
45888
28.657076
2
43.643
43.643
0.0
48000
29.976019
4
63.88
63.88
0.0
37440
23.381294
2
42.384
42.384
0.0
41664
26.019186
2
53.12
53.12
0.0
45504
28.417265
3
53.757
53.757
0.0
42240
26.378897
3
48.072
48.072
0.0
38592
24.10072
3
42.742
42.742
0.0
43392
27.098322
4
58.459
58.459
0.0
43392
27.098322
3
48.164
48.164
0.0
40512
25.29976
2
42.93
42.93
0.0
41472
25.899279
4
62.924
62.924
0.0
42816
26.738607
3
48.17
48.17
0.0
42048
26.258993
2
43.15
43.15
0.0
46464
29.016787
3
48.662
48.662
0.0
38784
24.220623
2
42.788
42.788
0.0
47040
29.376497
4
58.965
58.965
0.0
49344
30.815348
3
54.226
54.226
0.0
42432
26.4988
3
48.047
48.047
0.0
47232
29.4964
2
43.874
43.874
0.0
40704
25.419664
3
53.017
53.017
0.0
35904
22.422062
2
42.21
42.21
0.0
47232
29.4964
4
58.888
58.888
0.0
39936
24.940048
2
42.56
42.56
0.0
43968
27.458033
2
43.405
43.405
0.0
47616
29.736212
4
63.737
63.738
1.5689475E-5
34752
21.702639
3
52.239
52.239
0.0
