1920
18.867926
1
3084
3084
0.0
1920
18.867926
1
2936
2936
0.0
1920
18.867926
1
3031
3031
0.0
1920
18.867926
1
2935
2935
0.0
1920
18.867926
1
2945
2945
0.0
2304
22.64151
2
3794
3794
0.0
1920
18.867926
1
3213
3213
0.0
1920
18.867926
1
2872
2872
0.0
1920
18.867926
1
2994
2994
0.0
1920
18.867926
1
2885
2885
0.0
1920
18.867926
1
3042
3042
0.0
1920
18.867926
1
2937
2937
0.0
1920
18.867926
1
2816
2816
0.0
1920
18.867926
1
2839
2839
0.0
1920
18.867926
1
2964
2964
0.0
1920
18.867926
1
2894
2894
0.0
1920
18.867926
1
2841
2841
0.0
1920
18.867926
1
2973
2973
0.0
1920
18.867926
1
2827
2827
0.0
1920
18.867926
1
3077
3077
0.0
