2880
28.301886
1
3051
3051
0.0
2880
28.301886
1
3007
3007
0.0
2880
28.301886
1
2955
2955
0.0
3264
32.07547
2
3988
3988
0.0
2880
28.301886
1
2852
2852
0.0
2880
28.301886
1
3198
3198
0.0
2880
28.301886
1
3013
3013
0.0
2880
28.301886
1
2992
2992
0.0
2880
28.301886
1
2981
2981
0.0
2880
28.301886
1
3090
3090
0.0
2880
28.301886
1
2892
2892
0.0
2880
28.301886
1
2990
2990
0.0
2880
28.301886
1
2938
2938
0.0
2880
28.301886
1
3021
3021
0.0
2880
28.301886
1
2898
2898
0.0
2880
28.301886
1
2993
2993
0.0
2880
28.301886
1
2847
2847
0.0
2880
28.301886
1
2938
2938
0.0
2880
28.301886
1
2878
2878
0.0
3264
32.07547
2
4074
4074
0.0
