27456
17.146284
2
36.618
36.618
0.0
31488
19.664268
3
51.426
51.426
0.0
26496
16.546762
2
36.321
36.321
0.0
31104
19.424461
2
37.304
37.304
0.0
27840
17.386091
2
36.599
36.599
0.0
34176
21.342926
2
37.31
37.31
0.0
30720
19.184652
2
37.005
37.005
0.0
28032
17.505997
5
70.849
70.849
0.0
33408
20.86331
4
56.653
56.653
0.0
27840
17.386091
3
41.652
41.652
0.0
28608
17.865707
3
41.69
41.69
0.0
31488
19.664268
3
42.164
42.164
0.0
27072
16.906475
2
36.539
36.539
0.0
31296
19.544365
3
42.151
42.151
0.0
28992
18.105516
3
51.089
51.089
0.0
26880
16.786572
2
36.511
36.511
0.0
30720
19.184652
3
51.389
51.389
0.0
29568
18.465229
3
51.272
51.272
0.0
30912
19.304556
2
36.999
36.999
0.0
35712
22.302158
2
37.394
37.394
0.0
30528
19.064749
3
42.084
42.084
0.0
31872
19.904078
3
51.373
51.373
0.0
29568
18.465229
3
41.937
41.937
0.0
29952
18.705036
2
36.98
36.98
0.0
27840
17.386091
2
36.701
36.701
0.0
26688
16.666668
2
36.647
36.647
0.0
32256
20.143885
2
36.964
36.964
0.0
