1536
15.094339
1
3007
3007
0.0
1536
15.094339
1
2874
2874
0.0
1536
15.094339
1
2887
2887
0.0
1536
15.094339
1
2910
2910
0.0
1536
15.094339
1
2900
2900
0.0
1536
15.094339
1
2862
2862
0.0
1536
15.094339
1
3165
3165
0.0
1536
15.094339
1
2995
2995
0.0
1536
15.094339
1
2828
2828
0.0
1536
15.094339
1
2854
2854
0.0
1536
15.094339
1
2935
2935
0.0
1536
15.094339
1
3089
3089
0.0
1536
15.094339
1
3027
3027
0.0
1536
15.094339
1
2972
2972
0.0
1536
15.094339
1
3099
3099
0.0
1536
15.094339
1
3027
3027
0.0
1536
15.094339
1
2936
2936
0.0
1536
15.094339
1
2873
2873
0.0
1536
15.094339
1
2987
2987
0.0
1536
15.094339
1
3016
3016
0.0
