19776
12.35012
1
33.739
33.739
0.0
19776
12.35012
1
33.897
33.897
0.0
19776
12.35012
1
33.724
33.724
0.0
19968
12.470024
2
45.213
45.213
0.0
19776
12.35012
1
33.512
33.512
0.0
19776
12.35012
1
33.849
33.849
0.0
19776
12.35012
1
33.722
33.722
0.0
19776
12.35012
1
33.305
33.305
0.0
19776
12.35012
1
33.7
33.7
0.0
19776
12.35012
1
33.527
33.527
0.0
19776
12.35012
1
33.527
33.527
0.0
19776
12.35012
1
33.606
33.606
0.0
19776
12.35012
1
33.347
33.347
0.0
19776
12.35012
1
33.656
33.656
0.0
19776
12.35012
1
33.678
33.678
0.0
19776
12.35012
1
33.708
33.708
0.0
19776
12.35012
1
33.625
33.625
0.0
19776
12.35012
1
33.381
33.381
0.0
20160
12.589929
2
45.08
45.08
0.0
19968
12.470024
2
45.097
45.097
0.0
19776
12.35012
1
33.665
33.665
0.0
19776
12.35012
1
33.682
33.682
0.0
19776
12.35012
1
33.234
33.234
0.0
19776
12.35012
1
33.82
33.82
0.0
19776
12.35012
1
33.464
33.464
0.0
19776
12.35012
1
33.706
33.706
0.0
19776
12.35012
1
33.735
33.735
0.0
19776
12.35012
1
33.713
33.713
0.0
19776
12.35012
1
33.442
33.442
0.0
19776
12.35012
1
33.363
33.363
0.0
