38976
24.340528
1
34.811
34.811
0.0
38976
24.340528
1
35.319
35.319
0.0
38976
24.340528
1
35.076
35.076
0.0
38976
24.340528
1
34.792
34.792
0.0
39168
24.460432
2
47.9
47.9
0.0
38976
24.340528
1
34.628
34.628
0.0
38976
24.340528
1
34.837
34.837
0.0
38976
24.340528
1
34.739
34.739
0.0
38976
24.340528
1
35.004
35.004
0.0
38976
24.340528
1
34.544
34.544
0.0
39168
24.460432
2
47.804
47.804
0.0
38976
24.340528
1
35.304
35.304
0.0
38976
24.340528
1
34.966
34.966
0.0
38976
24.340528
1
34.894
34.894
0.0
38976
24.340528
1
35.145
35.145
0.0
38976
24.340528
1
34.461
34.461
0.0
38976
24.340528
1
35.15
35.15
0.0
38976
24.340528
1
35.108
35.108
0.0
38976
24.340528
1
34.768
34.768
0.0
38976
24.340528
1
34.291
34.291
0.0
38976
24.340528
1
34.67
34.67
0.0
38976
24.340528
1
35.103
35.103
0.0
38976
24.340528
1
34.858
34.858
0.0
38976
24.340528
1
34.338
34.338
0.0
38976
24.340528
1
34.65
34.65
0.0
38976
24.340528
1
35.359
35.359
0.0
38976
24.340528
1
34.965
34.965
0.0
38976
24.340528
1
35.193
35.193
0.0
38976
24.340528
1
34.862
34.862
0.0
38976
24.340528
1
35.061
35.061
0.0
