38976
24.340528
1
32.786
32.786
0.0
38976
24.340528
1
32.766
32.766
0.0
38976
24.340528
1
32.703
32.703
0.0
38976
24.340528
1
32.805
32.805
0.0
38976
24.340528
1
32.583
32.583
0.0
38976
24.340528
1
32.797
32.797
0.0
38976
24.340528
1
32.77
32.77
0.0
38976
24.340528
1
32.774
32.774
0.0
38976
24.340528
1
32.757
32.757
0.0
38976
24.340528
1
32.814
32.814
0.0
38976
24.340528
1
32.783
32.783
0.0
38976
24.340528
1
32.715
32.715
0.0
38976
24.340528
1
32.74
32.74
0.0
38976
24.340528
1
32.749
32.749
0.0
