10752
6.7146287
2
38.736
38.736
0.0
11520
7.194245
2
38.804
38.804
0.0
11904
7.434053
2
38.82
38.82
0.0
10368
6.4748197
3
48.946
48.947
2.0430678E-5
11328
7.0743403
2
38.753
38.753
0.0
9024
5.635492
2
38.511
38.511
0.0
9408
5.8753
2
38.519
38.519
0.0
9792
6.115108
2
38.507
38.507
0.0
12864
8.033573
2
38.905
38.905
0.0
12672
7.913669
2
38.991
38.991
0.0
9792
6.115108
2
38.587
38.587
0.0
8256
5.155875
2
38.321
38.321
0.0
10368
6.4748197
2
38.668
38.668
0.0
11328
7.0743403
2
38.721
38.721
0.0
10368
6.4748197
2
38.574
38.574
0.0
8832
5.515588
3
53.223
53.223
0.0
10752
6.7146287
2
38.639
38.639
0.0
10176
6.354916
2
38.376
38.376
0.0
10176
6.354916
2
38.41
38.41
0.0
9216
5.755396
2
38.325
38.325
0.0
12288
7.673861
2
38.92
38.92
0.0
10752
6.7146287
2
38.62
38.62
0.0
14208
8.872902
2
39.06
39.06
0.0
7872
4.916067
2
38.262
38.262
0.0
9792
6.115108
2
38.537
38.537
0.0
9408
5.8753
2
38.407
38.407
0.0
10944
6.8345323
2
38.554
38.554
0.0
12096
7.5539565
2
38.818
38.818
0.0
13440
8.393286
2
39.058
39.058
0.0
8064
5.035971
2
38.267
38.267
0.0
