35712
22.302158
1
32.643
32.643
0.0
35712
22.302158
1
32.738
32.738
0.0
35712
22.302158
1
32.733
32.733
0.0
35712
22.302158
1
32.763
32.763
0.0
35712
22.302158
1
32.704
32.704
0.0
35712
22.302158
1
32.752
32.752
0.0
35712
22.302158
1
32.745
32.745
0.0
35712
22.302158
1
32.727
32.727
0.0
35712
22.302158
1
32.671
32.671
0.0
35712
22.302158
1
32.635
32.635
0.0
35712
22.302158
1
32.564
32.564
0.0
35712
22.302158
1
32.575
32.575
0.0
35712
22.302158
1
32.702
32.702
0.0
35712
22.302158
1
32.6
32.6
0.0
35712
22.302158
1
32.55
32.55
0.0
35712
22.302158
1
32.49
32.491
3.07787E-5
35712
22.302158
1
32.674
32.674
0.0
35712
22.302158
1
32.633
32.633
0.0
35712
22.302158
1
32.58
32.58
0.0
35712
22.302158
1
32.585
32.585
0.0
35712
22.302158
1
32.571
32.571
0.0
35712
22.302158
1
32.614
32.614
0.0
35712
22.302158
1
32.657
32.657
0.0
35712
22.302158
1
32.609
32.609
0.0
35712
22.302158
1
32.703
32.703
0.0
35712
22.302158
1
32.614
32.614
0.0
35712
22.302158
1
32.664
32.664
0.0
35712
22.302158
1
32.451
32.451
0.0
35712
22.302158
1
32.855
32.855
0.0
35712
22.302158
1
32.645
32.645
0.0
35712
22.302158
1
32.752
32.752
0.0
35712
22.302158
1
32.726
32.726
0.0
35712
22.302158
1
32.524
32.524
0.0
35712
22.302158
1
32.529
32.529
0.0
35712
22.302158
1
32.721
32.721
0.0
35712
22.302158
1
32.885
32.885
0.0
35712
22.302158
1
32.811
32.811
0.0
35712
22.302158
1
32.57
32.57
0.0
