29760
18.585133
2
41.434
41.434
0.0
32448
20.26379
3
56.893
56.893
0.0
25536
15.947242
2
40.919
40.919
0.0
30912
19.304556
2
41.561
41.561
0.0
24192
15.107913
2
40.783
40.783
0.0
29184
18.22542
3
51.499
51.499
0.0
29760
18.585133
2
41.42
41.42
0.0
29184
18.22542
2
41.293
41.293
0.0
27072
16.906475
2
40.964
40.964
0.0
24000
14.988009
2
40.663
40.663
0.0
28992
18.105516
2
41.322
41.322
0.0
29376
18.345324
2
41.381
41.381
0.0
28416
17.745804
2
41.184
41.184
0.0
51264
32.01439
3
50.884
50.884
0.0
28032
17.505997
2
41.221
41.221
0.0
27264
17.026379
2
41.065
41.065
0.0
29184
18.22542
3
51.512
51.512
0.0
29760
18.585133
3
56.348
56.348
0.0
26880
16.786572
2
41.132
41.132
0.0
31296
19.544365
2
41.773
41.773
0.0
30528
19.064749
3
56.558
56.558
0.0
33792
21.103117
3
46.916
46.916
0.0
25536
15.947242
3
55.799
55.799
0.0
26880
16.786572
2
41.156
41.156
0.0
29760
18.585133
2
41.452
41.452
0.0
30336
18.944845
2
41.617
41.617
0.0
29376
18.345324
2
41.168
41.168
0.0
34944
21.822542
2
42.218
42.218
0.0
26688
16.666668
3
55.942
55.942
0.0
32832
20.503597
2
41.729
41.73
2.396415E-5
