23040
14.38849
1
35.254
35.254
0.0
23040
14.38849
1
35.388
35.388
0.0
23040
14.38849
1
35.071
35.071
0.0
23424
14.628297
2
45.734
45.734
0.0
23040
14.38849
1
35.197
35.197
0.0
23232
14.508393
2
45.676
45.676
0.0
23040
14.38849
1
34.733
34.733
0.0
23040
14.38849
1
34.729
34.729
0.0
23040
14.38849
1
35.13
35.13
0.0
23040
14.38849
1
34.789
34.789
0.0
23040
14.38849
1
34.593
34.593
0.0
23040
14.38849
1
34.108
34.108
0.0
23040
14.38849
1
34.857
34.857
0.0
23232
14.508393
2
45.623
45.623
0.0
23040
14.38849
1
34.956
34.956
0.0
23040
14.38849
1
34.678
34.678
0.0
23040
14.38849
1
34.438
34.438
0.0
23040
14.38849
1
34.376
34.376
0.0
23040
14.38849
1
34.759
34.759
0.0
23040
14.38849
1
34.733
34.733
0.0
23040
14.38849
1
34.774
34.774
0.0
23040
14.38849
1
34.801
34.801
0.0
23040
14.38849
1
34.779
34.779
0.0
23040
14.38849
1
34.873
34.873
0.0
23040
14.38849
1
35.334
35.334
0.0
23040
14.38849
1
34.626
34.626
0.0
23040
14.38849
1
35.469
35.469
0.0
23040
14.38849
1
34.733
34.733
0.0
23040
14.38849
1
34.904
34.904
0.0
23232
14.508393
2
45.653
45.653
0.0
