10176
6.354916
2
38.585
38.585
0.0
9984
6.235012
2
38.669
38.669
0.0
6912
4.316547
1
33.341
33.341
0.0
9600
5.995204
2
38.525
38.525
0.0
9984
6.235012
2
38.615
38.615
0.0
9216
5.755396
2
38.452
38.452
0.0
10368
6.4748197
2
38.696
38.696
0.0
7104
4.436451
2
43.416
43.416
0.0
9792
6.115108
2
38.509
38.509
0.0
10368
6.4748197
2
38.604
38.604
0.0
9792
6.115108
2
38.589
38.589
0.0
9024
5.635492
2
33.725
33.725
0.0
10368
6.4748197
2
38.676
38.676
0.0
12288
7.673861
3
53.896
53.896
0.0
6912
4.316547
1
32.969
32.969
0.0
10560
6.594724
2
38.542
38.542
0.0
10944
6.8345323
2
38.571
38.571
0.0
10944
6.8345323
2
38.413
38.413
0.0
10176
6.354916
2
38.323
38.323
0.0
10560
6.594724
2
38.529
38.529
0.0
10368
6.4748197
2
38.57
38.57
0.0
9792
6.115108
2
38.505
38.505
0.0
6912
4.316547
1
33.343
33.343
0.0
7104
4.436451
1
38.334
38.334
0.0
10560
6.594724
2
38.618
38.618
0.0
11712
7.3141484
2
38.849
38.849
0.0
9024
5.635492
2
33.671
33.671
0.0
12480
7.7937646
2
38.853
38.853
0.0
10560
6.594724
2
38.614
38.614
0.0
12096
7.5539565
2
38.893
38.893
0.0
