30336
18.944845
3
56.274
56.274
0.0
29184
18.22542
2
41.252
41.252
0.0
27456
17.146284
3
56.173
56.173
0.0
26880
16.786572
2
40.904
40.904
0.0
29184
18.22542
2
41.486
41.486
0.0
27264
17.026379
2
41.224
41.224
0.0
29376
18.345324
3
51.491
51.491
0.0
31872
19.904078
2
41.737
41.738
2.3959556E-5
31296
19.544365
2
41.665
41.665
0.0
32832
20.503597
3
56.772
56.772
0.0
30144
18.82494
2
41.42
41.42
0.0
26112
16.306955
2
40.803
40.803
0.0
27264
17.026379
3
56.003
56.003
0.0
27648
17.266188
2
41.062
41.062
0.0
31296
19.544365
2
41.517
41.517
0.0
26496
16.546762
2
40.884
40.884
0.0
31680
19.784174
2
41.827
41.827
0.0
34944
21.822542
3
57.093
57.093
0.0
27264
17.026379
2
41.115
41.115
0.0
25920
16.187052
3
51.02
51.021
1.9600157E-5
22080
13.788968
2
40.334
40.334
0.0
31680
19.784174
4
56.203
56.203
0.0
28032
17.505997
2
41.051
41.051
0.0
31104
19.424461
3
46.483
46.483
0.0
30720
19.184652
3
56.455
56.455
0.0
28608
17.865707
3
46.148
46.148
0.0
27072
16.906475
3
55.992
55.992
0.0
32448
20.26379
2
41.607
41.607
0.0
31296
19.544365
3
51.79
51.79
0.0
27456
17.146284
4
66.197
66.198
1.5106425E-5
