35136
21.942446
2
47.337
47.337
0.0
39936
24.940048
3
43.03
43.03
0.0
40128
25.059954
3
47.768
47.768
0.0
39360
24.580336
2
42.825
42.825
0.0
67008
41.846523
4
59.42
59.42
0.0
42048
26.258993
3
58.225
58.225
0.0
43392
27.098322
3
48.268
48.268
0.0
43776
27.338129
3
48.292
48.292
0.0
43968
27.458033
3
48.308
48.308
0.0
47040
29.376497
4
58.979
58.979
0.0
45312
28.297361
3
43.907
43.907
0.0
41472
25.899279
3
58.183
58.183
0.0
47616
29.736212
3
58.82
58.82
0.0
35904
22.422062
2
42.423
42.423
0.0
40704
25.419664
2
42.924
42.924
0.0
40896
25.539568
3
57.935
57.935
0.0
44736
27.93765
4
68.595
68.595
0.0
45888
28.657076
4
63.477
63.477
0.0
47424
29.616308
4
63.825
63.825
0.0
38592
24.10072
2
42.785
42.785
0.0
40512
25.29976
2
43.043
43.043
0.0
37440
23.381294
2
47.603
47.603
0.0
39936
24.940048
2
42.865
42.865
0.0
37824
23.621103
4
62.562
62.562
0.0
43200
26.978418
3
48.148
48.148
0.0
40128
25.059954
3
52.944
52.944
0.0
42048
26.258993
4
63.011
63.011
0.0
43392
27.098322
3
48.183
48.183
0.0
49728
31.055155
3
51.919
51.919
0.0
40128
25.059954
2
42.761
42.761
0.0
