41088
25.659472
3
53.153
53.153
0.0
40896
25.539568
2
43.057
43.057
0.0
38016
23.741007
3
47.49
47.49
0.0
40704
25.419664
2
42.9
42.9
0.0
37248
23.26139
3
42.723
42.723
0.0
40896
25.539568
2
43.094
43.094
0.0
56448
35.2518
3
47.359
47.359
0.0
40896
25.539568
3
47.941
47.941
0.0
40704
25.419664
2
42.895
42.895
0.0
41856
26.13909
4
58.364
58.364
0.0
37248
23.26139
3
47.36
47.36
0.0
41856
26.13909
4
62.92
62.92
0.0
43584
27.218225
4
58.456
58.456
0.0
41856
26.13909
3
58.049
58.049
0.0
43776
27.338129
2
43.07
43.07
0.0
44928
28.057554
3
48.414
48.414
0.0
45120
28.177458
3
48.388
48.388
0.0
40320
25.179857
3
52.993
52.993
0.0
38592
24.10072
2
42.648
42.648
0.0
43392
27.098322
4
58.459
58.459
0.0
42816
26.738607
3
48.13
48.13
0.0
42240
26.378897
3
43.316
43.316
0.0
41280
25.779375
4
62.878
62.878
0.0
42240
26.378897
4
58.282
58.282
0.0
41856
26.13909
2
42.983
42.983
0.0
47808
29.856115
2
44.055
44.055
0.0
41472
25.899279
2
42.941
42.941
0.0
44544
27.817747
2
43.095
43.095
0.0
43776
27.338129
3
58.364
58.364
0.0
38400
23.980816
4
57.777
57.777
0.0
