29376
18.345324
1
33.755
33.755
0.0
29376
18.345324
1
33.472
33.472
0.0
29376
18.345324
1
33.427
33.427
0.0
29376
18.345324
1
33.378
33.378
0.0
29376
18.345324
1
33.427
33.427
0.0
29376
18.345324
1
33.804
33.804
0.0
29376
18.345324
1
33.362
33.362
0.0
29376
18.345324
1
33.901
33.901
0.0
29376
18.345324
1
33.452
33.452
0.0
29376
18.345324
1
33.568
33.568
0.0
29376
18.345324
1
33.542
33.542
0.0
29376
18.345324
1
33.288
33.288
0.0
29376
18.345324
1
33.37
33.37
0.0
29376
18.345324
1
33.971
33.971
0.0
29376
18.345324
1
33.437
33.437
0.0
29376
18.345324
1
33.337
33.337
0.0
29376
18.345324
1
33.448
33.448
0.0
29376
18.345324
1
33.466
33.466
0.0
29376
18.345324
1
33.506
33.506
0.0
29376
18.345324
1
33.27
33.27
0.0
29376
18.345324
1
33.821
33.821
0.0
29376
18.345324
1
33.417
33.417
0.0
29376
18.345324
1
33.67
33.67
0.0
29376
18.345324
1
33.763
33.763
0.0
29376
18.345324
1
33.682
33.682
0.0
29376
18.345324
1
33.493
33.493
0.0
29376
18.345324
1
33.467
33.467
0.0
29376
18.345324
1
33.533
33.533
0.0
29376
18.345324
1
33.526
33.526
0.0
29376
18.345324
1
33.404
33.404
0.0
