1344
13.207547
1
2989
2990
3.3456006E-4
1344
13.207547
1
2844
2844
0.0
1344
13.207547
1
2965
2965
0.0
1344
13.207547
1
2996
2996
0.0
1344
13.207547
1
2937
2937
0.0
1344
13.207547
1
2904
2904
0.0
1344
13.207547
1
2825
2825
0.0
1344
13.207547
1
2904
2904
0.0
1344
13.207547
1
3040
3040
0.0
1344
13.207547
1
2855
2855
0.0
1728
16.981133
2
3596
3596
0.0
1344
13.207547
1
2879
2879
0.0
1344
13.207547
1
2917
2917
0.0
1344
13.207547
1
3023
3023
0.0
1344
13.207547
1
2827
2827
0.0
1344
13.207547
1
3052
3052
0.0
1344
13.207547
1
2837
2837
0.0
1728
16.981133
2
3103
3103
0.0
1344
13.207547
1
2983
2983
0.0
1344
13.207547
1
2972
2972
0.0
