13440
8.393286
1
30.5
30.5
0.0
13440
8.393286
1
29.119
29.119
0.0
13440
8.393286
1
29.211
29.211
0.0
13440
8.393286
1
29.076
29.076
0.0
13440
8.393286
1
29.142
29.142
0.0
13440
8.393286
1
29.25
29.25
0.0
13440
8.393286
1
29.224
29.224
0.0
13440
8.393286
1
29.37
29.37
0.0
13440
8.393286
1
29.255
29.255
0.0
13440
8.393286
1
29.209
29.209
0.0
13440
8.393286
1
29.284
29.284
0.0
13440
8.393286
1
29.192
29.192
0.0
13440
8.393286
1
29.205
29.205
0.0
13440
8.393286
1
29.219
29.219
0.0
13440
8.393286
1
29.212
29.212
0.0
13440
8.393286
1
29.196
29.196
0.0
13440
8.393286
1
29.217
29.217
0.0
13440
8.393286
1
29.196
29.196
0.0
13440
8.393286
1
29.156
29.156
0.0
13440
8.393286
1
29.193
29.193
0.0
13440
8.393286
1
29.266
29.266
0.0
13440
8.393286
1
29.127
29.127
0.0
13440
8.393286
1
29.182
29.182
0.0
13440
8.393286
1
29.141
29.141
0.0
13440
8.393286
1
29.188
29.188
0.0
13440
8.393286
1
29.2
29.2
0.0
13440
8.393286
1
29.193
29.193
0.0
13440
8.393286
1
29.065
29.065
0.0
