35904
22.422062
2
47.406
47.406
0.0
35712
22.302158
1
35.031
35.031
0.0
35712
22.302158
1
34.89
34.89
0.0
35712
22.302158
1
34.771
34.771
0.0
35712
22.302158
1
35.184
35.184
0.0
35712
22.302158
1
34.898
34.898
0.0
35712
22.302158
1
35.092
35.092
0.0
35712
22.302158
1
35.165
35.165
0.0
35712
22.302158
1
35.502
35.502
0.0
35712
22.302158
1
34.859
34.859
0.0
35712
22.302158
1
34.844
34.844
0.0
35712
22.302158
1
35.073
35.073
0.0
35712
22.302158
1
35.067
35.067
0.0
35712
22.302158
1
34.834
34.834
0.0
35712
22.302158
1
35.138
35.138
0.0
35712
22.302158
1
35.109
35.109
0.0
35712
22.302158
1
34.93
34.93
0.0
35712
22.302158
1
35.362
35.362
0.0
35712
22.302158
1
35.216
35.216
0.0
35712
22.302158
1
35.076
35.076
0.0
35712
22.302158
1
35.087
35.087
0.0
35712
22.302158
1
34.653
34.653
0.0
35712
22.302158
1
35.057
35.057
0.0
36096
22.541967
2
47.494
47.494
0.0
35904
22.422062
2
47.391
47.391
0.0
35712
22.302158
1
35.023
35.023
0.0
35712
22.302158
1
35.2
35.2
0.0
35712
22.302158
1
35.053
35.053
0.0
35712
22.302158
1
34.725
34.725
0.0
35712
22.302158
1
34.45
34.45
0.0
