16512
10.31175
1
32.465
32.465
0.0
16512
10.31175
1
32.453
32.453
0.0
16512
10.31175
1
32.417
32.417
0.0
16512
10.31175
1
32.422
32.422
0.0
16512
10.31175
1
32.447
32.447
0.0
16512
10.31175
1
32.495
32.495
0.0
16512
10.31175
1
32.499
32.499
0.0
16512
10.31175
1
32.506
32.506
0.0
16512
10.31175
1
32.423
32.423
0.0
16512
10.31175
1
32.431
32.431
0.0
16512
10.31175
1
32.572
32.572
0.0
16512
10.31175
1
32.47
32.47
0.0
16512
10.31175
1
32.45
32.45
0.0
16512
10.31175
1
32.248
32.248
0.0
16512
10.31175
1
32.393
32.393
0.0
16512
10.31175
1
32.487
32.487
0.0
16512
10.31175
1
32.34
32.34
0.0
16512
10.31175
1
32.337
32.337
0.0
16512
10.31175
1
32.365
32.365
0.0
16512
10.31175
1
32.432
32.432
0.0
16512
10.31175
1
32.426
32.426
0.0
16512
10.31175
1
32.461
32.461
0.0
16512
10.31175
1
32.387
32.387
0.0
16512
10.31175
1
32.355
32.355
0.0
16512
10.31175
1
32.412
32.412
0.0
16512
10.31175
1
32.42
32.42
0.0
16512
10.31175
1
32.403
32.403
0.0
16512
10.31175
1
32.397
32.397
0.0
16512
10.31175
1
32.421
32.421
0.0
16512
10.31175
1
32.413
32.413
0.0
16512
10.31175
1
32.306
32.306
0.0
16512
10.31175
1
32.458
32.458
0.0
16512
10.31175
1
32.23
32.23
0.0
16512
10.31175
1
32.349
32.349
0.0
16512
10.31175
1
32.451
32.451
0.0
16512
10.31175
1
32.28
32.28
0.0
16512
10.31175
1
32.407
32.407
0.0
16512
10.31175
1
32.428
32.428
0.0
16512
10.31175
1
32.399
32.399
0.0
16512
10.31175
1
32.399
32.399
0.0
