38976
24.340528
1
32.748
32.748
0.0
38976
24.340528
1
32.788
32.788
0.0
38976
24.340528
1
32.781
32.781
0.0
38976
24.340528
1
32.827
32.827
0.0
38976
24.340528
1
32.793
32.793
0.0
38976
24.340528
1
32.831
32.831
0.0
38976
24.340528
1
32.796
32.796
0.0
38976
24.340528
1
32.665
32.665
0.0
38976
24.340528
1
32.836
32.836
0.0
38976
24.340528
1
32.85
32.85
0.0
38976
24.340528
1
32.722
32.722
0.0
38976
24.340528
1
32.66
32.66
0.0
38976
24.340528
1
32.775
32.775
0.0
38976
24.340528
1
32.79
32.79
0.0
38976
24.340528
1
32.662
32.662
0.0
