58368
36.45084
5
73.868
73.868
0.0
41664
26.019186
4
62.946
62.946
0.0
36480
22.781775
2
42.464
42.464
0.0
42432
26.4988
3
48.112
48.112
0.0
43008
26.858515
2
43.353
43.353
0.0
39936
24.940048
2
42.911
42.911
0.0
42048
26.258993
3
48.051
48.051
0.0
44544
27.817747
3
48.435
48.435
0.0
41280
25.779375
5
63.219
63.219
0.0
48768
30.455637
3
44.262
44.262
0.0
37824
23.621103
2
42.476
42.476
0.0
38400
23.980816
2
42.662
42.662
0.0
44544
27.817747
3
43.624
43.624
0.0
47616
29.736212
3
58.809
58.81
1.70042E-5
34752
21.702639
2
41.912
41.912
0.0
42624
26.618704
3
48.148
48.148
0.0
40128
25.059954
4
57.972
57.972
0.0
38976
24.340528
4
62.51
62.51
0.0
40896
25.539568
3
47.884
47.884
0.0
45312
28.297361
3
43.741
43.741
0.0
41472
25.899279
3
43.162
43.162
0.0
41472
25.899279
2
43.17
43.17
0.0
38784
24.220623
2
42.837
42.837
0.0
44352
27.69784
4
58.66
58.66
0.0
45504
28.417265
4
63.517
63.517
0.0
36096
22.541967
2
42.259
42.259
0.0
43776
27.338129
3
48.251
48.251
0.0
40896
25.539568
3
58.003
58.003
0.0
43776
27.338129
4
63.163
63.163
0.0
42432
26.4988
2
43.214
43.214
0.0
