10176
6.354916
1
33.812
33.812
0.0
10176
6.354916
1
33.796
33.796
0.0
10176
6.354916
1
33.417
33.417
0.0
13056
8.153478
2
38.995
38.995
0.0
12288
7.673861
3
49.123
49.123
0.0
12288
7.673861
2
34.167
34.167
0.0
12288
7.673861
2
34.16
34.16
0.0
10176
6.354916
1
33.744
33.744
0.0
13248
8.273381
2
39.072
39.072
0.0
10176
6.354916
1
33.824
33.824
0.0
10176
6.354916
1
33.705
33.705
0.0
10176
6.354916
1
33.606
33.606
0.0
10176
6.354916
1
33.408
33.409
2.993295E-5
10176
6.354916
1
33.431
33.431
0.0
10176
6.354916
1
33.304
33.304
0.0
10176
6.354916
1
33.36
33.36
0.0
10176
6.354916
1
33.328
33.328
0.0
10176
6.354916
1
33.479
33.479
0.0
10176
6.354916
1
33.494
33.494
0.0
10176
6.354916
1
33.347
33.347
0.0
10176
6.354916
1
33.625
33.625
0.0
10176
6.354916
1
33.629
33.629
0.0
10176
6.354916
1
33.46
33.46
0.0
10176
6.354916
1
33.403
33.403
0.0
10176
6.354916
1
33.604
33.604
0.0
10176
6.354916
1
33.34
33.34
0.0
10176
6.354916
1
33.533
33.533
0.0
12288
7.673861
2
34.129
34.129
0.0
10176
6.354916
1
33.229
33.229
0.0
10176
6.354916
1
33.337
33.337
0.0
