31872
19.904078
3
56.742
56.742
0.0
29184
18.22542
2
41.254
41.254
0.0
26304
16.426859
2
46.097
46.097
0.0
31680
19.784174
2
41.688
41.688
0.0
26112
16.306955
1
35.833
35.833
0.0
31296
19.544365
2
41.564
41.564
0.0
32832
20.503597
2
41.965
41.965
0.0
26112
16.306955
1
36.039
36.039
0.0
26112
16.306955
1
35.937
35.937
0.0
26112
16.306955
1
36.094
36.094
0.0
30528
19.064749
2
41.446
41.446
0.0
33984
21.223022
2
41.916
41.916
0.0
28416
17.745804
2
41.029
41.029
0.0
32640
20.383694
3
51.973
51.973
0.0
28224
17.6259
2
36.395
36.395
0.0
30144
18.82494
3
51.545
51.545
0.0
30144
18.82494
2
41.301
41.301
0.0
29760
18.585133
3
56.279
56.279
0.0
31872
19.904078
4
51.437
51.437
0.0
29760
18.585133
2
41.305
41.305
0.0
28992
18.105516
2
41.114
41.114
0.0
28416
17.745804
2
41.087
41.087
0.0
32640
20.383694
2
41.778
41.778
0.0
26112
16.306955
1
35.902
35.903
2.78536E-5
30528
19.064749
2
41.536
41.536
0.0
30720
19.184652
2
41.475
41.475
0.0
30144
18.82494
2
41.296
41.296
0.0
32448
20.26379
2
41.72
41.72
0.0
30720
19.184652
2
41.427
41.427
0.0
34752
21.702639
2
42.169
42.169
0.0
