38208
23.86091
2
42.771
42.771
0.0
42816
26.738607
4
58.445
58.445
0.0
47232
29.4964
4
81.353
81.353
0.0
43200
26.978418
4
68.446
68.446
0.0
40320
25.179857
3
53.048
53.048
0.0
37056
23.141487
4
67.573
67.573
0.0
38592
24.10072
3
52.826
52.826
0.0
42240
26.378897
3
68.206
68.206
0.0
42240
26.378897
5
73.348
73.348
0.0
36864
23.021584
5
72.527
72.527
0.0
48384
30.215826
4
63.878
63.878
0.0
44160
27.577936
4
58.476
58.476
0.0
53376
33.333336
4
68.886
68.886
0.0
40128
25.059954
4
62.721
62.721
0.0
42048
26.258993
3
53.298
53.298
0.0
70272
43.88489
4
60.011
60.011
0.0
44544
27.817747
3
43.665
43.665
0.0
45504
28.417265
3
48.478
48.478
0.0
42048
26.258993
4
62.998
62.998
0.0
43968
27.458033
3
48.306
48.306
0.0
44928
28.057554
4
73.353
73.353
0.0
44352
27.69784
3
48.299
48.299
0.0
44544
27.817747
3
48.334
48.334
0.0
42240
26.378897
4
62.705
62.705
0.0
42816
26.738607
3
43.334
43.334
0.0
39744
24.820145
4
57.913
57.913
0.0
42624
26.618704
2
43.282
43.282
0.0
38784
24.220623
3
47.529
47.529
0.0
34368
21.46283
2
42.162
42.162
0.0
40128
25.059954
4
57.96
57.96
0.0
