29376
18.345324
1
32.602
32.602
0.0
29376
18.345324
1
32.915
32.915
0.0
29376
18.345324
1
32.592
32.592
0.0
29376
18.345324
1
32.622
32.622
0.0
29376
18.345324
1
32.519
32.519
0.0
29376
18.345324
1
32.625
32.625
0.0
29376
18.345324
1
32.685
32.685
0.0
29376
18.345324
1
32.637
32.637
0.0
29376
18.345324
1
32.864
32.864
0.0
29376
18.345324
1
32.63
32.63
0.0
29376
18.345324
1
32.612
32.612
0.0
29376
18.345324
1
32.535
32.535
0.0
29376
18.345324
1
32.549
32.549
0.0
29376
18.345324
1
32.568
32.568
0.0
29568
18.465229
2
46.415
46.415
0.0
29376
18.345324
1
32.507
32.507
0.0
29376
18.345324
1
32.705
32.705
0.0
29376
18.345324
1
32.555
32.555
0.0
29376
18.345324
1
32.401
32.401
0.0
29376
18.345324
1
32.724
32.724
0.0
29376
18.345324
1
32.544
32.544
0.0
29376
18.345324
1
32.854
32.854
0.0
29376
18.345324
1
32.69
32.69
0.0
29376
18.345324
1
32.714
32.714
0.0
29376
18.345324
1
32.584
32.584
0.0
29376
18.345324
1
32.551
32.551
0.0
29376
18.345324
1
32.493
32.493
0.0
29376
18.345324
1
32.697
32.697
0.0
29376
18.345324
1
32.721
32.721
0.0
29376
18.345324
1
32.713
32.713
0.0
29376
18.345324
1
32.383
32.383
0.0
29376
18.345324
1
32.68
32.68
0.0
29376
18.345324
1
32.715
32.715
0.0
29376
18.345324
1
32.696
32.696
0.0
29376
18.345324
1
32.566
32.566
0.0
29376
18.345324
1
32.667
32.667
0.0
29376
18.345324
1
32.782
32.782
0.0
29376
18.345324
1
32.418
32.418
0.0
