6912
4.316547
1
28.184
28.184
0.0
6912
4.316547
1
28.255
28.255
0.0
6912
4.316547
1
28.247
28.247
0.0
6912
4.316547
1
28.237
28.237
0.0
6912
4.316547
1
28.206
28.206
0.0
6912
4.316547
1
28.287
28.287
0.0
6912
4.316547
1
28.378
28.378
0.0
6912
4.316547
1
28.426
28.426
0.0
6912
4.316547
1
28.378
28.378
0.0
6912
4.316547
1
28.296
28.296
0.0
6912
4.316547
1
28.309
28.309
0.0
6912
4.316547
1
28.295
28.295
0.0
6912
4.316547
1
28.386
28.386
0.0
6912
4.316547
1
28.286
28.286
0.0
6912
4.316547
1
28.293
28.293
0.0
6912
4.316547
1
28.219
28.219
0.0
6912
4.316547
1
28.324
28.324
0.0
6912
4.316547
1
28.322
28.322
0.0
6912
4.316547
1
28.31
28.31
0.0
6912
4.316547
1
28.293
28.293
0.0
6912
4.316547
1
28.365
28.365
0.0
6912
4.316547
1
28.225
28.225
0.0
6912
4.316547
1
28.249
28.249
0.0
6912
4.316547
1
28.191
28.191
0.0
6912
4.316547
1
28.235
28.235
0.0
6912
4.316547
1
28.38
28.38
0.0
6912
4.316547
1
28.308
28.308
0.0
6912
4.316547
1
28.212
28.212
0.0
