38976
24.340528
1
37.918
37.918
0.0
43392
27.098322
3
53.492
53.492
0.0
38976
24.340528
1
37.682
37.682
0.0
38976
24.340528
1
37.801
37.801
0.0
42432
26.4988
2
43.2
43.2
0.0
41088
25.659472
2
38.212
38.212
0.0
43776
27.338129
3
58.445
58.445
0.0
42048
26.258993
2
43.106
43.107
2.3198627E-5
41280
25.779375
3
57.936
57.936
0.0
45120
28.177458
2
43.516
43.516
0.0
39168
24.460432
2
47.828
47.828
0.0
42240
26.378897
2
43.071
43.071
0.0
38976
24.340528
1
37.555
37.555
0.0
38976
24.340528
1
37.497
37.497
0.0
45888
28.657076
3
63.725
63.725
0.0
44160
27.577936
2
43.357
43.357
0.0
39168
24.460432
2
47.841
47.841
0.0
43392
27.098322
2
43.305
43.305
0.0
39168
24.460432
2
47.858
47.858
0.0
42816
26.738607
2
43.14
43.14
0.0
45696
28.537169
3
58.45
58.45
0.0
38976
24.340528
1
37.288
37.288
0.0
38976
24.340528
1
37.726
37.726
0.0
38976
24.340528
1
37.544
37.544
0.0
38976
24.340528
1
37.835
37.835
0.0
38976
24.340528
1
37.259
37.259
0.0
41856
26.13909
2
43.022
43.022
0.0
38976
24.340528
1
37.711
37.711
0.0
50880
31.77458
3
53.43
53.43
0.0
44544
27.817747
2
43.445
43.445
0.0
