768
7.5471697
1
2896
2896
0.0
1152
11.320755
2
3514
3514
0.0
768
7.5471697
1
2894
2894
0.0
768
7.5471697
1
2929
2929
0.0
768
7.5471697
1
2965
2965
0.0
1344
13.207547
3
3048
3048
0.0
768
7.5471697
1
3125
3125
0.0
768
7.5471697
1
3175
3175
0.0
768
7.5471697
1
2890
2890
0.0
768
7.5471697
1
2933
2933
0.0
768
7.5471697
1
2916
2916
0.0
768
7.5471697
1
3097
3097
0.0
768
7.5471697
1
2970
2970
0.0
768
7.5471697
1
2896
2896
0.0
1152
11.320755
2
3088
3088
0.0
768
7.5471697
1
2981
2981
0.0
768
7.5471697
1
2819
2819
0.0
768
7.5471697
1
2852
2852
0.0
768
7.5471697
1
3020
3020
0.0
768
7.5471697
1
3065
3065
0.0
