19776
12.35012
1
32.678
32.678
0.0
19776
12.35012
1
32.703
32.703
0.0
19776
12.35012
1
32.637
32.637
0.0
19776
12.35012
1
32.6
32.6
0.0
19776
12.35012
1
32.867
32.867
0.0
19776
12.35012
1
32.81
32.81
0.0
19776
12.35012
1
32.584
32.584
0.0
19776
12.35012
1
32.642
32.642
0.0
19776
12.35012
1
32.611
32.611
0.0
19776
12.35012
1
32.579
32.579
0.0
19776
12.35012
1
32.646
32.646
0.0
19776
12.35012
1
32.628
32.628
0.0
19776
12.35012
1
32.616
32.616
0.0
19776
12.35012
1
32.47
32.47
0.0
19776
12.35012
1
32.545
32.545
0.0
19776
12.35012
1
32.384
32.384
0.0
19776
12.35012
1
32.566
32.566
0.0
19776
12.35012
1
32.513
32.513
0.0
19776
12.35012
1
32.69
32.69
0.0
19776
12.35012
1
32.529
32.529
0.0
19776
12.35012
1
32.626
32.626
0.0
19776
12.35012
1
32.657
32.657
0.0
19776
12.35012
1
32.532
32.532
0.0
19776
12.35012
1
32.638
32.638
0.0
19776
12.35012
1
32.676
32.676
0.0
19776
12.35012
1
32.689
32.689
0.0
19776
12.35012
1
32.628
32.628
0.0
19776
12.35012
1
32.764
32.764
0.0
19776
12.35012
1
32.526
32.526
0.0
19776
12.35012
1
32.599
32.599
0.0
19776
12.35012
1
32.455
32.455
0.0
19776
12.35012
1
32.67
32.67
0.0
19776
12.35012
1
32.57
32.57
0.0
19776
12.35012
1
32.71
32.71
0.0
19776
12.35012
1
32.575
32.575
0.0
19776
12.35012
1
32.616
32.616
0.0
19776
12.35012
1
32.543
32.543
0.0
19776
12.35012
1
32.658
32.658
0.0
