10176
6.354916
1
28.769
28.769
0.0
10176
6.354916
1
28.704
28.704
0.0
10176
6.354916
1
28.702
28.702
0.0
10176
6.354916
1
28.744
28.744
0.0
10176
6.354916
1
28.678
28.678
0.0
10176
6.354916
1
28.73
28.73
0.0
10176
6.354916
1
28.736
28.736
0.0
10176
6.354916
1
28.759
28.759
0.0
10176
6.354916
1
28.744
28.744
0.0
10176
6.354916
1
28.737
28.737
0.0
10176
6.354916
1
28.722
28.723
3.4816516E-5
10176
6.354916
1
28.779
28.779
0.0
10176
6.354916
1
28.757
28.757
0.0
10176
6.354916
1
28.758
28.758
0.0
10176
6.354916
1
28.746
28.746
0.0
10176
6.354916
1
28.78
28.78
0.0
