38976
24.340528
1
36.115
36.115
0.0
38976
24.340528
1
36.09
36.09
0.0
38976
24.340528
1
36.813
36.813
0.0
38976
24.340528
1
35.899
35.899
0.0
38976
24.340528
1
36.631
36.631
0.0
38976
24.340528
1
36.695
36.695
0.0
38976
24.340528
1
36.398
36.398
0.0
38976
24.340528
1
36.505
36.505
0.0
38976
24.340528
1
36.444
36.444
0.0
38976
24.340528
1
36.789
36.789
0.0
38976
24.340528
1
36.353
36.353
0.0
39168
24.460432
2
47.844
47.844
0.0
38976
24.340528
1
36.288
36.288
0.0
38976
24.340528
1
36.519
36.519
0.0
38976
24.340528
1
36.402
36.402
0.0
38976
24.340528
1
36.016
36.016
0.0
38976
24.340528
1
36.118
36.118
0.0
38976
24.340528
1
36.033
36.033
0.0
38976
24.340528
1
35.869
35.869
0.0
38976
24.340528
1
36.14
36.14
0.0
38976
24.340528
1
36.515
36.515
0.0
38976
24.340528
1
36.298
36.298
0.0
39168
24.460432
2
47.837
47.837
0.0
39168
24.460432
2
47.927
47.927
0.0
38976
24.340528
1
36.229
36.229
0.0
38976
24.340528
1
36.213
36.213
0.0
39168
24.460432
2
47.841
47.841
0.0
38976
24.340528
1
36.498
36.498
0.0
38976
24.340528
1
36.386
36.386
0.0
38976
24.340528
1
36.362
36.362
0.0
