0 75.51100000000000000000 4.02648459732998848441
2 85.05300000000000000000 9.50985310872957032542
4 75.37350000000000000000 4.00182380190953963853
6 68.32600000000000000000 .08671928059938055692
8 90.66800000000000000000 1.35498875936532120218
10 62.95450000000000000000 .07994433680255395091
12 75.35600000000000000000 4.02648459732998848441
14 57.78500000000000000000 3.10400824995407780996
16 58.32600000000000000000 2.76200908709027073853
18 53.45800000000000000000 .08021533455442701515
20 54.78300000000000000000 .37456176063946161098
22 54.87200000000000000000 .02942176971790332895
24 55.90300000000000000000 .13352957025817664681
