0 2.20000000000000000000 .19482930607077733519
2 1.95000000000000000000 .17888650309879036620
4 1.20000000000000000000 .11437598455967940436
6 1.30000000000000000000 .12467081015120439698
8 1.25000000000000000000 .11885347471400337050
10 1.10000000000000000000 .06732993277086584455
12 1.00000000000000000000 0
14 1.05000000000000000000 .04895082581185569337
16 1.05000000000000000000 .04895082581185569337
18 1.20000000000000000000 .08961279094121991177
20 1.00000000000000000000 0
22 1.10000000000000000000 .07591047358566537094
24 1.00000000000000000000 0
