0 17836.80000000000000000000 328.69349366386916664528
2 18086.40000000000000000000 421.00773720662189274363
4 19699.20000000000000000000 367.63979510733056657873
6 17702.40000000000000000000 317.00353374535117317517
8 18048.00000000000000000000 381.18076774989579738903
10 18278.40000000000000000000 240.25608046881976884873
12 20044.80000000000000000000 90.94183721566218721472
14 26188.80000000000000000000 30.10560000000000000000
16 29414.40000000000000000000 22.57920000000000000000
18 32716.80000000000000000000 30.10560000000000000000
20 35750.40000000000000000000 22.57920000000000000000
22 39014.40000000000000000000 22.57920000000000000000
24 42240.00000000000000000000 0
