0 10.99928050000000000000 .20526920550053691674
2 11.15515580000000000000 .26291948080183110417
4 12.15035970000000000000 .23008377791713243719
6 10.84340510000000000000 .18923937598069861697
8 11.10719415000000000000 .24237022500669597562
10 11.20311760000000000000 .16390299492002192648
12 11.44292560000000000000 .25662617665376714223
14 11.50287760000000000000 .23861526553850610133
16 11.69472420000000000000 .12526381924486990572
18 11.67074345000000000000 .20058796853004452210
20 12.19832130000000000000 .27835782305950178442
22 12.55803340000000000000 .19787115227733797537
24 12.39016800000000000000 .15562338871622728675
