0 .69159292300000000000 .08036786451397880898
2 .78008849200000000000 .08427392052817853399
4 .58097344800000000000 .06546800985269726548
6 .78008849300000000000 .09165236239390481425
8 .55884955500000000000 .09055854312920043492
10 .71371681500000000000 .08998573786543940692
12 .71371681300000000000 .08449226922256993985
14 .76902655000000000000 .08796618116385580179
16 .78008849200000000000 .07707614753623804740
18 .95707964100000000000 .06249540723746350434
20 .66946902500000000000 .06528470820480145959
22 .84646018400000000000 .10230933354586315618
24 .79115044400000000000 .08722111500849927166
