0 28416.00000000000000000000 728.44195703479667829560
2 25728.00000000000000000000 416.25254687702667331177
4 29280.00000000000000000000 572.34725195591167580368
6 30240.00000000000000000000 52.03156835962833416397
8 30528.00000000000000000000 104.06313671925666832794
10 28512.00000000000000000000 780.47352539442501245957
12 27840.00000000000000000000 624.37882031554000996765
14 28416.00000000000000000000 1040.63136719256668327943
16 30624.00000000000000000000 468.28411523665500747574
18 33024.00000000000000000000 0
20 36096.00000000000000000000 0
22 39360.00000000000000000000 0
24 42624.00000000000000000000 0
