0 787.20000000000000000000 64.47345444573550744484
2 921.60000000000000000000 63.79269314607672494997
4 835.20000000000000000000 36.72692883255696127671
6 1065.60000000000000000000 41.83236101729125720918
8 1238.40000000000000000000 38.95096009325462919048
10 1382.40000000000000000000 25.85469418401248431106
12 1536.00000000000000000000 0
14 1939.20000000000000000000 18.79711711175258626012
16 2323.20000000000000000000 18.79711711175258626012
18 2572.80000000000000000000 34.41131172142844612283
20 2688.00000000000000000000 0
22 2918.40000000000000000000 29.14962185689550244464
24 3072.00000000000000000000 0
