0 17.74580400000000000000 .45491254416373427171
2 16.06714550000000000000 .25994998652245503054
4 18.28537250000000000000 .35743112984421871459
6 18.88489250000000000000 .03249398543833976771
8 19.06474850000000000000 .06498715788342391627
10 17.80575550000000000000 .48740598760657029333
12 17.38609200000000000000 .38992457328705473622
14 17.74580350000000000000 .64987510180501351289
16 19.12470050000000000000 .29244315896753917909
18 20.62350000000000000000 0
20 22.54196700000000000000 0
22 24.58033600000000000000 0
24 26.61870400000000000000 0
