0 11.13908870000000000000 .20526926878126093660
2 11.29496380000000000000 .26291945627445424062
4 12.30215860000000000000 .22959120813288781298
6 11.05515600000000000000 .19796884317140585847
8 11.27098325000000000000 .23804755780537105312
10 11.41486820000000000000 .15004006101699004361
12 12.51798560000000000000 .05679315300963034082
14 16.35491640000000000000 .01880086880000000000
16 18.36930490000000000000 .01410076920000000000
18 20.43165520000000000000 .01880079040000000000
20 22.32613890000000000000 .01410076920000000000
22 24.36450880000000000000 .01410071040000000000
24 26.37889700000000000000 0
