0 7.73584919500000000000 .64027191319696681661
2 9.05660425000000000000 .63484770585659043373
4 8.20754709500000000000 .36091716159564130075
6 10.47169860000000000000 .41108835473196357172
8 12.16981150000000000000 .38277277163875072729
10 13.58490560000000000000 .25407529168508055890
12 15.09433900000000000000 0
14 19.05660520000000000000 .18472005307040565486
16 22.83018920000000000000 .18472005307040565486
18 25.28301960000000000000 .33816130447834145834
20 26.41509400000000000000 0
22 28.67924440000000000000 .28645454855528947316
24 30.18867900000000000000 0
