0 5.00000000000000000000 .12396128427860046981
2 4.30000000000000000000 .08981848362113446412
4 5.40000000000000000000 .15680000000000000000
6 4.70000000000000000000 .24869611979281059944
8 4.90000000000000000000 .13720000000000000000
10 3.30000000000000000000 .29137494744744270824
12 1.80000000000000000000 .24480392153721720966
14 1.20000000000000000000 .07840000000000000000
16 1.10000000000000000000 .05880000000000000000
18 1.20000000000000000000 .07840000000000000000
20 1.10000000000000000000 .05880000000000000000
22 1.10000000000000000000 .05880000000000000000
24 1.00000000000000000000 0
