0 55.06150000000000000000 1.30250835290987673573
2 47.52250000000000000000 .02645351772449176559
4 48.19750000000000000000 .01178622076833791536
6 49.00800000000000000000 .01885795322934066458
8 49.93850000000000000000 .02645351772449176559
10 50.87650000000000000000 .01021472466589285998
12 51.61150000000000000000 .03640632637331044968
14 52.67950000000000000000 .05054979129531594811
16 53.23900000000000000000 .00785748051222527690
18 54.09450000000000000000 .07097924062710166808
20 54.88450000000000000000 .03431099823671704250
22 55.88450000000000000000 .02488202162204671021
24 56.37150000000000000000 .02331052551960165483
