0 66.39900000000000000000 3.79306775926821534022
2 56.64700000000000000000 1.17547908462890142569
4 53.78200000000000000000 .08171779732714287986
6 55.51600000000000000000 3.36981147567634709068
8 49.44600000000000000000 .04766871510750001325
10 50.37250000000000000000 .00759556449515110101
12 51.22050000000000000000 .09559934623207420240
14 52.29300000000000000000 .00471448830733516614
16 53.01950000000000000000 .02331052551960165483
18 53.76850000000000000000 .10240916267600277572
20 54.47100000000000000000 .01623879305859890561
22 55.44600000000000000000 .02147711340008242355
24 62.53650000000000000000 3.39940798560572896704
