0 74.89760000000000000000 1.44567141794719037738
2 67.49040000000000000000 .48450228077630346692
4 80.98860000000000000000 1.83314514521917767317
6 73.85810000000000000000 2.63728984140034179899
8 76.49170000000000000000 1.97256848047011032026
10 63.51100000000000000000 1.79230668077000706134
12 58.74820000000000000000 2.33801495584869174292
14 54.58620000000000000000 1.03883829251686713129
16 54.03520000000000000000 .75421094814392611016
18 56.24250000000000000000 1.02995279554938827303
20 55.56580000000000000000 .77196659527686818166
22 56.54280000000000000000 .78179080352493274899
24 55.75370000000000000000 .03185721198347400895
