0 2.33333333333333333333 .16868994130147860210
2 2.26666666666666666666 .15824519184082889770
4 2.23333333333333333333 .17732514600982965891
6 2.20000000000000000000 .17036848952262921973
8 2.03333333333333333333 .06423521590967810362
10 1.83333333333333333333 .26269091822618938517
12 1.26666666666666666666 .15824519184082889770
14 1.13333333333333333333 .12164404660349833195
16 1.13333333333333333333 .12164404660349833195
18 1.10000000000000000000 .10735362127101255823
20 1.03333333333333333333 .06423521590967810362
22 1.10000000000000000000 .10735362127101255823
24 1.06666666666666666666 .08926232667235916812
