0 29683.20000000000000000000 840.09219931338488771295
2 29164.80000000000000000000 940.27300439989236139082
4 29913.60000000000000000000 1169.94573415898226437721
6 29772.80000000000000000000 1694.68774575550249556623
8 29241.60000000000000000000 1029.85399655523986319292
10 29337.60000000000000000000 1000.44199957258891560972
12 29062.40000000000000000000 886.90308546056297202829
14 29222.40000000000000000000 604.04277099953774713851
16 29952.00000000000000000000 873.40837282911365504707
18 31148.80000000000000000000 630.87299978194237716665
20 32755.20000000000000000000 172.54270860050852928393
22 35852.80000000000000000000 209.85128501361783814341
24 39001.60000000000000000000 23.35565694787167973804
