0 39.46130000000000000000 1.13183131834723695475
2 39.55600000000000000000 1.35329487475469784745
4 38.39650000000000000000 1.29262823970080430855
6 34.46203333333333333333 1.09234978448966034819
8 34.93493333333333333333 1.31525108031913505509
10 33.61550000000000000000 .05994458836106707119
12 34.75723333333333333333 1.23865074570705839940
14 33.56573333333333333333 .06735248369079286237
16 34.81693333333333333333 1.34349952761575728176
18 33.53190000000000000000 .06421428178563118090
20 33.53106666666666666666 .06554245296825788083
22 33.51516666666666666666 .07098123655873717875
24 33.52080000000000000000 .06416354701749792344
