0 25.32271300000000000000 .80854820649317378841
2 26.14361822222222222222 1.84622355311585367399
4 25.42280023076923076923 .83100635255614644688
6 23.72122275000000000000 .26763265807503701396
8 26.02597916666666666666 1.54769918581755563317
10 25.28554307142857142857 .93927674306675293087
12 24.20083925000000000000 2.34478943000656164996
14 25.13109522222222222222 1.84162118913594001969
16 26.59027028571428571428 1.22609277798856314769
18 25.39987950000000000000 .75868786856755809074
20 25.69963950000000000000 2.96848050462037892427
22 26.55491600000000000000 1.38700842002557367604
24 25.57965085714285714285 1.32894423037497732310
