0 33.10278571428571428571 .03271520441629549097
2 28.04035714285714285714 .04990154907415199668
4 28.28050000000000000000 .02517334701623921917
6 28.73707142857142857142 .01419528795058416548
8 29.21364285714285714285 .04071984037296806491
10 29.61285714285714285714 .02531938387875976727
12 30.07628571428571428571 .02041834469294707532
14 30.53650000000000000000 .02544978978302178430
16 30.95950000000000000000 .01732694433534083925
18 31.42785714285714285714 .01764428519379575201
20 31.90878571428571428571 .04368815628977721002
22 32.30092857142857142857 .02262242692550911956
24 32.75300000000000000000 .02946459570399702596
