0 3507.20000000000000000000 141.84522392335480629528
2 3840.00000000000000000000 0
4 6918.40000000000000000000 12.33316145465819589775
6 10182.40000000000000000000 12.33316145465819589775
8 13446.40000000000000000000 12.33316145465819589775
10 16512.00000000000000000000 0
12 19776.00000000000000000000 0
14 23040.00000000000000000000 0
16 26112.00000000000000000000 0
18 29382.40000000000000000000 12.33316145465819589775
20 32640.00000000000000000000 0
22 35712.00000000000000000000 0
24 38976.00000000000000000000 0
