0 10592.00000000000000000000 552.81433143024310225654
2 10214.40000000000000000000 408.17181411361564028485
4 9856.00000000000000000000 546.30044110056022054136
6 10656.00000000000000000000 349.77296956740382170367
8 13465.60000000000000000000 23.35565694787167973804
10 16512.00000000000000000000 0
12 19801.60000000000000000000 29.32900583836190426198
14 23040.00000000000000000000 0
16 26131.20000000000000000000 20.61189528403441118164
18 29376.00000000000000000000 0
20 32640.00000000000000000000 0
22 35712.00000000000000000000 0
24 38976.00000000000000000000 0
