0 2.63333333333333333333 .31310052817065119211
2 2.53333333333333333333 .22123478395051179118
4 2.30000000000000000000 .16398536520067880740
6 2.30000000000000000000 .16398536520067880740
8 2.40000000000000000000 .25471622554434092342
10 2.53333333333333333333 .28825749805544553290
12 2.40000000000000000000 .17530772943598351219
14 2.23333333333333333333 .15135163863836598223
16 2.03333333333333333333 .23526048604960480335
18 1.63333333333333333333 .23526048604960480335
20 1.20000000000000000000 .17036848952262921973
22 1.16666666666666666666 .13336110821819525200
24 1.13333333333333333333 .12164404660349833195
