0 27.88036000000000000000 .02200035314683834796
2 27.86272000000000000000 .01996246904424400103
4 28.28784000000000000000 .02475520937745427351
6 28.82760000000000000000 .14081347153734972100
8 29.25320000000000000000 .10232140156037738715
10 29.61012000000000000000 .03068923311975064651
12 30.12224000000000000000 .13665105516458187963
14 30.55508000000000000000 .04694581525706418062
16 30.95152000000000000000 .02403701552136620807
18 31.42448000000000000000 .02356676353796592070
20 31.87328000000000000000 .02556934479767520362
22 32.29376000000000000000 .02520319911427118808
24 32.75604000000000000000 .02638564317308941400
