0 42195.20000000000000000000 1264.85367889802442028629
2 42688.00000000000000000000 1290.67133530836062597511
4 41568.00000000000000000000 988.63114985519245473020
6 41280.00000000000000000000 1287.33468451370485087542
8 41670.40000000000000000000 1268.55547943614459272779
10 43257.60000000000000000000 2226.06701922758830491566
12 40384.00000000000000000000 1116.39250911615609365288
14 42822.40000000000000000000 2027.04855879267644807275
16 42272.00000000000000000000 1562.52963629451414852670
18 40748.80000000000000000000 1398.49379986250445538431
20 41068.80000000000000000000 1424.32134901755930957644
22 40774.40000000000000000000 998.25075287898814921081
24 41561.60000000000000000000 1046.76404278684824657523
