0 6.61470828666666666666 .34523278653407999135
2 6.37889696000000000000 .25490344275912699599
4 6.15507589666666666666 .34116478363480611348
6 6.65467623333333333333 .21843338936717204835
8 8.40927306666666666666 .01458548611989926045
10 10.31175000000000000000 0
12 12.36610723333333333333 .01831601630642080015
14 14.38849000000000000000 0
16 16.31894540000000000000 .01287212860487948978
18 18.34532400000000000000 0
20 20.38369400000000000000 0
22 22.30215800000000000000 0
24 24.34052800000000000000 0
