0 26.35091926666666666666 .78990171861408253031
2 26.65867280000000000000 .80602468512655612151
4 25.95923253333333333333 .61740039348477153286
6 25.77937650000000000000 .80394106943008650297
8 26.02318156666666666666 .79221329308302007996
10 27.01438836666666666666 1.39017960178605891221
12 25.21982440000000000000 .69718758222247780326
14 26.74260606666666666666 1.26589262699494023915
16 26.39888090000000000000 .97580039172002610381
18 25.44764183333333333333 .87335999296106425075
20 25.64748173333333333333 .88948923736837822016
22 25.46362906666666666666 .62340795235294275031
24 25.95523590000000000000 .65370449171433450650
