0 44.54966666666666666666 2.27052898335232949806
2 43.29033333333333333333 1.88872563818543082828
4 42.73463333333333333333 2.21729909808606427306
6 42.37020000000000000000 2.18237167431308292466
8 40.28130000000000000000 .66970624889198829826
10 40.69643333333333333333 2.51423257315074323006
12 36.50506666666666666666 1.18243281655547708268
14 36.29226666666666666666 1.32051945034023413057
16 36.32413333333333333333 1.37554624546547433152
18 36.06723333333333333333 1.24964170016448522210
20 35.29350000000000000000 .78470094063180811535
22 36.25266666666666666666 1.33529822258827537443
24 35.75333333333333333333 1.16111908455452610424
