0 41.86000000000000000000 6.93403023798656361183
2 36.74660000000000000000 .25152389121671921207
4 48.15180000000000000000 5.09400014827043364899
6 39.89260000000000000000 2.29640951387961289294
8 43.86340000000000000000 3.41527370046688937402
10 50.52420000000000000000 10.25008027472581309250
12 46.59180000000000000000 7.36719634358819026584
14 42.63660000000000000000 4.78545381672551511419
16 38.75420000000000000000 5.99993518387817252928
18 35.69320000000000000000 7.09524724342282521986
20 25.53980000000000000000 .19464459785722284462
22 25.81680000000000000000 .09967857442800834919
24 41.67160000000000000000 6.46270047397129491942
