0 2.90000000000000000000 .26698880542491331619
2 2.76666666666666666666 .27226577429389073296
4 3.33333333333333333333 .31104888266542191101
6 2.86666666666666666666 .27304852370283252694
8 2.96666666666666666666 .28453147973987511486
10 3.50000000000000000000 .27330894200113134566
12 2.66666666666666666666 .23252303748868188858
14 2.93333333333333333333 .26024216642424644783
16 3.00000000000000000000 .32006665972366860482
18 2.50000000000000000000 .22155611278209209253
20 2.33333333333333333333 .23252303748868188858
22 2.30000000000000000000 .30852278864147314573
24 1.83333333333333333333 .26269091822618938517
