0 18.92901720000000000000 .54571390899065162382
2 17.32230160000000000000 .98682620669145192944
4 17.66606675000000000000 1.12822584305279848300
6 17.23980866666666666666 .98468538040713091441
8 18.92901680000000000000 1.27236757298095287288
10 18.40314411111111111111 1.06653316256833024257
12 17.18636542857142857142 1.19024104702348490296
14 19.02518000000000000000 .24926769858469187543
16 17.75599525000000000000 1.65554224490832527803
18 19.19824133333333333333 .25584848511671173595
20 18.40143880000000000000 1.58336019618464691630
22 19.34472400000000000000 1.34331295078134968451
24 18.90527650000000000000 .91398225444184910608
