0 49.71846666666666666666 2.47733403391287785615
2 49.21843333333333333333 2.54606961137457832396
4 54.59343333333333333333 3.26511957897052399085
6 50.00423333333333333333 2.85758162441502790918
8 50.54700000000000000000 2.84586949370549238395
10 57.80436666666666666666 3.82832177066614728217
12 49.26416666666666666666 2.55951156633749311279
14 51.61216666666666666666 2.85267630953458367515
16 50.45316666666666666666 3.20722866790883750611
18 46.79293333333333333333 1.94486788404028064420
20 46.48386666666666666666 2.54869005561627168877
22 48.49753333333333333333 3.47263747653732152374
24 44.33983333333333333333 2.69992872530259103395
