0 18.53717066666666666666 .52463791034908693561
2 18.21342976666666666666 .58720090307846776276
4 18.68105553333333333333 .73063153548238661824
6 18.59312600000000000000 1.05833324012189825242
8 18.26139123333333333333 .64314422805146058206
10 18.32134330000000000000 .62477640195119223831
12 18.14948100000000000000 .55387131765919026649
14 18.24940083333333333333 .37722491780227891259
16 18.70503656666666666666 .54544390603864926710
18 19.45243833333333333333 .39398042851658951391
20 20.45563630000000000000 .10775297756859767362
22 22.39008770000000000000 .13105225949162171321
24 24.35651520000000000000 .01458560776394586399
