0 19116.80000000000000000000 753.82725912895101850651
2 21062.40000000000000000000 2174.72227973982921625032
4 19731.20000000000000000000 1289.25024556052215113535
6 19033.60000000000000000000 790.91553057419897061521
8 19584.00000000000000000000 617.33814801290224494694
10 18848.00000000000000000000 736.81096932840696319813
12 20236.80000000000000000000 359.46823203615643008913
14 23072.00000000000000000000 31.15023175943746757327
16 26144.00000000000000000000 31.15023175943746757327
18 29395.20000000000000000000 20.61189528403441118164
20 32646.40000000000000000000 12.33316145465819589775
22 35737.60000000000000000000 29.32900583836190426198
24 38988.80000000000000000000 17.13836672109296028257
