0 11.93844941666666666666 .47076538709257298353
2 13.15347726666666666666 1.35811480503436555411
4 12.32214220000000000000 .80513732604826508929
6 11.88649070000000000000 .49392698768616847160
8 12.23021580000000000000 .38552788318547694966
10 11.77058325000000000000 .46013882212576982617
12 12.63788973333333333333 .22448801441276358456
14 14.40847386666666666666 .01945320572677304247
16 16.32693896666666666666 .01945327150006645327
18 18.35731450000000000000 .01287223595850076079
20 20.38769076666666666666 .00770199509321813353
22 22.31814523333333333333 .01831601630642080015
24 24.34852160000000000000 .01070291001732255369
