0 11.10000000000000000000
5 11.65500000000000000000
10 12.21000000000000000000
15 12.76500000000000000000
0 11.10000000000000000000
5 11.65500000000000000000
10 12.21000000000000000000
15 12.76500000000000000000
0 11.10000000000000000000
5 11.65500000000000000000
10 12.21000000000000000000
15 12.76500000000000000000
0 11.10000000000000000000
5 11.65500000000000000000
10 12.21000000000000000000
15 12.76500000000000000000
0 11.10000000000000000000
5 11.65500000000000000000
10 12.21000000000000000000
15 12.76500000000000000000
