1728
1.9911505
5
19870
19870
0.0
1728
1.9911505
5
19847
19847
0.0
3072
3.539823
9
20050
20050
0.0
1728
1.9911505
5
19811
19811
0.0
3072
3.539823
9
19974
19974
0.0
2688
3.097345
7
19873
19873
0.0
3840
4.424779
10
20039
20039
0.0
2688
3.097345
7
19908
19908
0.0
4992
5.7522125
13
20145
20145
0.0
3456
3.982301
9
19987
19987
0.0
1728
1.9911505
4
19804
19804
0.0
3072
3.539823
8
20026
20027
4.9935083E-5
4992
5.7522125
13
20112
20112
0.0
3456
3.982301
9
20012
20012
0.0
2688
3.097345
7
19923
19923
0.0
2688
3.097345
7
19882
19882
0.0
