13248
15.265487
1
21929
21929
0.0
13248
15.265487
1
21917
21917
0.0
13248
15.265487
1
21775
21775
0.0
13248
15.265487
1
22041
22041
0.0
13248
15.265487
1
22194
22194
0.0
13248
15.265487
1
22029
22029
0.0
13248
15.265487
1
22304
22304
0.0
13248
15.265487
1
21956
21956
0.0
15168
17.477877
3
24482
24482
0.0
13248
15.265487
1
21976
21976
0.0
13248
15.265487
1
21915
21915
0.0
13248
15.265487
1
22036
22036
0.0
13248
15.265487
1
22060
22060
0.0
13248
15.265487
1
21861
21861
0.0
13248
15.265487
1
21863
21863
0.0
13248
15.265487
1
22136
22136
0.0
13248
15.265487
1
22396
22396
0.0
13248
15.265487
1
22065
22065
0.0
13248
15.265487
1
21891
21891
0.0
