17280
19.911503
5
23001
23001
0.0
15360
17.699116
1
22108
22108
0.0
15360
17.699116
1
22407
22407
0.0
15360
17.699116
1
22296
22296
0.0
19776
22.787611
11
23443
23443
0.0
16320
18.80531
2
22733
22733
0.0
18240
21.017698
6
22880
22880
0.0
16320
18.80531
2
23781
23782
4.2050375E-5
15360
17.699116
1
22713
22713
0.0
15360
17.699116
1
22850
22850
0.0
15360
17.699116
1
22422
22422
0.0
15360
17.699116
1
22760
22760
0.0
15360
17.699116
1
22424
22424
0.0
15360
17.699116
1
22337
22337
0.0
15360
17.699116
1
22354
22354
0.0
15360
17.699116
1
22870
22870
0.0
16320
18.80531
2
23918
23918
0.0
15360
17.699116
1
22545
22545
0.0
