10176
11.725663
5
21454
21455
4.6611356E-5
6528
7.5221243
5
20553
20553
0.0
8448
9.734513
5
21154
21154
0.0
9024
10.39823
5
21143
21143
0.0
7872
9.070797
5
20906
20906
0.0
7680
8.849558
5
20822
20822
0.0
9792
11.283186
5
21311
21311
0.0
5952
6.858407
4
21564
21564
0.0
7680
8.849558
5
20868
20868
0.0
8448
9.734513
5
21107
21107
0.0
8448
9.734513
5
21048
21048
0.0
4992
5.7522125
4
21335
21335
0.0
9024
10.39823
5
21298
21298
0.0
8256
9.513274
5
21019
21019
0.0
6912
7.964602
4
21730
21730
0.0
9408
10.840708
5
21289
21289
0.0
