16320
18.80531
2
22835
22835
0.0
15360
17.699116
1
20645
20645
0.0
15168
17.477877
1
20541
20541
0.0
14784
17.035398
1
20479
20479
0.0
15360
17.699116
1
20823
20823
0.0
15360
17.699116
1
20711
20711
0.0
15360
17.699116
1
21034
21034
0.0
15360
17.699116
1
20656
20656
0.0
15360
17.699116
1
21172
21172
0.0
15360
17.699116
1
20804
20804
0.0
15360
17.699116
1
20804
20804
0.0
15360
17.699116
1
20835
20835
0.0
15360
17.699116
1
21048
21048
0.0
15360
17.699116
1
20721
20721
0.0
15360
17.699116
1
20665
20665
0.0
15168
17.477877
1
20521
20521
0.0
15360
17.699116
1
20859
20859
0.0
15360
17.699116
1
20905
20905
0.0
15360
17.699116
1
20768
20768
0.0
