11904
13.716814
1
20025
20025
0.0
11904
13.716814
1
19992
19992
0.0
11904
13.716814
1
20030
20030
0.0
11712
13.495575
1
19817
19817
0.0
11904
13.716814
1
20183
20183
0.0
11904
13.716814
1
19971
19971
0.0
11712
13.495575
1
19847
19847
0.0
11904
13.716814
1
20007
20007
0.0
11904
13.716814
1
20003
20003
0.0
11904
13.716814
1
19921
19921
0.0
11904
13.716814
1
20067
20067
0.0
11904
13.716814
1
19900
19900
0.0
11904
13.716814
1
20009
20009
0.0
11904
13.716814
1
19893
19893
0.0
11904
13.716814
1
20005
20005
0.0
11904
13.716814
1
19986
19986
0.0
11904
13.716814
1
19890
19890
0.0
11904
13.716814
1
20085
20085
0.0
11904
13.716814
1
19971
19971
0.0
