6720
7.743363
1
20435
20435
0.0
6720
7.743363
1
20848
20848
0.0
6720
7.743363
1
20534
20534
0.0
6720
7.743363
1
20780
20780
0.0
6720
7.743363
1
20581
20581
0.0
6720
7.743363
1
20754
20754
0.0
6720
7.743363
1
20855
20855
0.0
6720
7.743363
1
20551
20551
0.0
6720
7.743363
1
21080
21080
0.0
6720
7.743363
1
20949
20949
0.0
6720
7.743363
1
20713
20713
0.0
6720
7.743363
1
21051
21051
0.0
6720
7.743363
1
20373
20373
0.0
6720
7.743363
1
20515
20515
0.0
6720
7.743363
1
20474
20474
0.0
6720
7.743363
1
20566
20566
0.0
7680
8.849558
2
21020
21020
0.0
6720
7.743363
1
20780
20780
0.0
6720
7.743363
1
20749
20749
0.0
