4224
4.8672566
2
20355
20355
0.0
5184
5.973451
5
20490
20490
0.0
7680
8.849558
10
20842
20842
0.0
5184
5.973451
4
20411
20411
0.0
6912
7.964602
9
20726
20726
0.0
6336
7.300885
9
20784
20784
0.0
9216
10.619469
14
21147
21147
0.0
7488
8.628319
12
20912
20912
0.0
6528
7.5221243
9
20668
20668
0.0
4224
4.8672566
2
21327
21327
0.0
5184
5.973451
3
20420
20420
0.0
4224
4.8672566
2
21345
21345
0.0
3264
3.7610621
1
20415
20415
0.0
5184
5.973451
3
20430
20430
0.0
5568
6.415929
7
20668
20668
0.0
5376
6.19469
6
20519
20519
0.0
5184
5.973451
5
20487
20487
0.0
