3264
3.7610621
1
20021
20021
0.0
3264
3.7610621
1
20038
20038
0.0
3264
3.7610621
1
20035
20035
0.0
3264
3.7610621
1
19898
19898
0.0
3264
3.7610621
1
20011
20011
0.0
3264
3.7610621
1
19890
19890
0.0
3264
3.7610621
1
19971
19971
0.0
3264
3.7610621
1
20018
20018
0.0
3264
3.7610621
1
20103
20103
0.0
3264
3.7610621
1
20059
20059
0.0
3264
3.7610621
1
20001
20001
0.0
3264
3.7610621
1
19993
19993
0.0
3264
3.7610621
1
19910
19910
0.0
3264
3.7610621
1
19901
19901
0.0
3264
3.7610621
1
20065
20065
0.0
3264
3.7610621
1
19902
19902
0.0
3264
3.7610621
1
20095
20095
0.0
3264
3.7610621
1
20143
20143
0.0
3264
3.7610621
1
19957
19957
0.0
