3264
3.7610621
1
19919
19919
0.0
3264
3.7610621
1
19877
19877
0.0
3264
3.7610621
1
19789
19789
0.0
3264
3.7610621
1
19901
19901
0.0
3264
3.7610621
1
19864
19864
0.0
3264
3.7610621
1
19817
19817
0.0
3264
3.7610621
1
19842
19842
0.0
3264
3.7610621
1
19882
19882
0.0
3264
3.7610621
1
19713
19713
0.0
3264
3.7610621
1
19884
19884
0.0
3264
3.7610621
1
19733
19733
0.0
3264
3.7610621
1
19888
19888
0.0
3264
3.7610621
1
19797
19797
0.0
3264
3.7610621
1
19752
19752
0.0
3264
3.7610621
1
19858
19858
0.0
3264
3.7610621
1
19903
19903
0.0
3264
3.7610621
1
19887
19887
0.0
3264
3.7610621
1
19830
19830
0.0
3264
3.7610621
1
19901
19901
0.0
