5376
6.19469
11
20535
20535
0.0
5376
6.19469
4
21715
21715
0.0
8064
9.292035
12
20896
20896
0.0
7680
8.849558
13
21838
21838
0.0
6720
7.743363
12
20718
20718
0.0
6912
7.964602
11
20871
20871
0.0
5184
5.973451
11
20454
20454
0.0
9216
10.619469
13
21259
21259
0.0
5376
6.19469
12
20507
20507
0.0
7872
9.070797
12
20946
20946
0.0
8448
9.734513
13
20830
20830
0.0
5952
6.858407
12
21056
21056
0.0
8832
10.1769905
13
21063
21063
0.0
7488
8.628319
13
20925
20925
0.0
6720
7.743363
14
20585
20585
0.0
7488
8.628319
13
20858
20858
0.0
6720
7.743363
12
20802
20802
0.0
7680
8.849558
11
20976
20976
0.0
