4992
5.7522125
1
20052
20052
0.0
4992
5.7522125
1
20017
20017
0.0
4992
5.7522125
1
19951
19951
0.0
4992
5.7522125
1
20233
20233
0.0
4992
5.7522125
1
19998
19998
0.0
4992
5.7522125
1
19997
19997
0.0
4992
5.7522125
1
20009
20009
0.0
4992
5.7522125
1
20177
20177
0.0
4992
5.7522125
1
19983
19983
0.0
4992
5.7522125
1
20022
20022
0.0
4992
5.7522125
1
20030
20030
0.0
4992
5.7522125
1
19983
19983
0.0
4992
5.7522125
1
19946
19946
0.0
4992
5.7522125
1
20070
20070
0.0
4992
5.7522125
1
20057
20057
0.0
4992
5.7522125
1
20082
20082
0.0
4992
5.7522125
1
20018
20018
0.0
4992
5.7522125
1
20021
20021
0.0
4992
5.7522125
1
19964
19964
0.0
