11904
13.716814
1
19902
19902
0.0
11904
13.716814
1
19899
19899
0.0
11136
12.831858
1
19719
19719
0.0
11712
13.495575
1
19878
19878
0.0
11712
13.495575
1
19841
19841
0.0
11712
13.495575
1
19820
19820
0.0
11328
13.053097
1
19766
19766
0.0
11904
13.716814
1
19839
19839
0.0
11712
13.495575
1
19863
19863
0.0
11712
13.495575
1
19826
19826
0.0
11904
13.716814
1
19869
19869
0.0
11328
13.053097
1
19786
19786
0.0
11136
12.831858
1
19712
19712
0.0
11712
13.495575
1
19866
19866
0.0
11904
13.716814
1
19865
19865
0.0
11904
13.716814
1
19866
19866
0.0
11712
13.495575
1
19832
19832
0.0
11712
13.495575
1
19857
19857
0.0
11328
13.053097
1
19792
19792
0.0
