13632
15.707965
1
21853
21853
0.0
13632
15.707965
1
21872
21872
0.0
13632
15.707965
1
21867
21867
0.0
13632
15.707965
1
21726
21726
0.0
13632
15.707965
1
21964
21964
0.0
13632
15.707965
1
21935
21935
0.0
13632
15.707965
1
21017
21017
0.0
13632
15.707965
1
21779
21779
0.0
13632
15.707965
1
21955
21955
0.0
13632
15.707965
1
21757
21757
0.0
13632
15.707965
1
21756
21756
0.0
13632
15.707965
1
22286
22286
0.0
13632
15.707965
1
22043
22043
0.0
13632
15.707965
1
21785
21785
0.0
13632
15.707965
1
21734
21734
0.0
13632
15.707965
1
21296
21296
0.0
13632
15.707965
1
21299
21299
0.0
13632
15.707965
1
22437
22437
0.0
13632
15.707965
1
22129
22129
0.0
