10368
11.946902
5
21576
21576
0.0
10368
11.946902
3
21542
21542
0.0
13056
15.044249
11
21943
21943
0.0
10368
11.946902
4
21497
21497
0.0
14208
16.371681
11
22383
22383
0.0
9408
10.840708
2
22525
22525
0.0
11520
13.274336
7
21696
21696
0.0
9408
10.840708
2
22521
22521
0.0
9408
10.840708
2
22501
22501
0.0
9408
10.840708
2
22421
22421
0.0
11904
13.716814
8
21753
21753
0.0
9408
10.840708
2
21470
21470
0.0
10368
11.946902
3
21574
21574
0.0
14208
16.371681
11
22148
22148
0.0
9408
10.840708
2
22537
22537
0.0
12480
14.380531
11
21848
21848
0.0
13824
15.929204
12
22079
22079
0.0
