8832
10.1769905
1
28696
28696
0.0
9792
11.283186
2
29585
29585
0.0
9792
11.283186
2
29952
29952
0.0
9792
11.283186
2
30200
30200
0.0
13824
15.929204
5
33211
33211
0.0
10368
11.946902
2
31373
31373
0.0
13056
15.044249
4
32347
32347
0.0
8832
10.1769905
1
28354
28354
0.0
9216
10.619469
1
31953
31953
0.0
13440
15.486726
4
31592
31592
0.0
9792
11.283186
2
29296
29296
0.0
9792
11.283186
2
30880
30880
0.0
11712
13.495575
4
32724
32724
0.0
11904
13.716814
4
31953
31953
0.0
8832
10.1769905
1
27948
27948
0.0
11520
13.274336
3
31862
31862
0.0
11712
13.495575
4
30873
30873
0.0
9792
11.283186
2
30357
30357
0.0
8832
10.1769905
1
29888
29888
0.0
8832
10.1769905
1
29996
29996
0.0
12672
14.60177
4
34980
34980
0.0
9792
11.283186
2
30739
30739
0.0
8832
10.1769905
1
31225
31225
0.0
12672
14.60177
4
35947
35947
0.0
8832
10.1769905
1
26817
26817
0.0
9792
11.283186
2
28895
28895
0.0
8832
10.1769905
1
28408
28408
0.0
12096
13.938053
4
29912
29912
0.0
11904
13.716814
4
29640
29640
0.0
13248
15.265487
4
29773
29773
0.0
12096
13.938053
4
31425
31425
0.0
12096
13.938053
4
31482
31482
0.0
8832
10.1769905
1
26610
26610
0.0
8832
10.1769905
1
29125
29125
0.0
10752
12.38938
3
31364
31364
0.0
9792
11.283186
2
29068
29068
0.0
9792
11.283186
2
29993
29993
0.0
12096
13.938053
4
29704
29704
0.0
9792
11.283186
2
30028
30028
0.0
9792
11.283186
2
29418
29418
0.0
9792
11.283186
2
29281
29281
0.0
8832
10.1769905
1
27219
27219
0.0
9792
11.283186
2
29984
29984
0.0
9792
11.283186
2
27335
27335
0.0
12096
13.938053
4
31350
31350
0.0
8832
10.1769905
1
27962
27962
0.0
9984
11.504425
2
30678
30678
0.0
12864
14.8230095
4
31560
31560
0.0
8832
10.1769905
1
27439
27439
0.0
13248
15.265487
4
31590
31590
0.0
8832
10.1769905
1
26872
26872
0.0
9792
11.283186
2
29966
29966
0.0
25728
29.646019
5
42615
42615
0.0
12672
14.60177
4
30995
30995
0.0
8832
10.1769905
1
27012
27012
0.0
13440
15.486726
4
31487
31487
0.0
9792
11.283186
2
29950
29950
0.0
8832
10.1769905
1
28795
28795
0.0
8832
10.1769905
1
28639
28639
0.0
12864
14.8230095
5
31260
31260
0.0
13440
15.486726
4
30831
30831
0.0
11712
13.495575
4
31394
31394
0.0
8832
10.1769905
1
27039
27039
0.0
8832
10.1769905
1
26189
26189
0.0
9792
11.283186
2
29244
29244
0.0
9792
11.283186
2
30036
30036
0.0
8832
10.1769905
1
27238
27238
0.0
8832
10.1769905
1
28081
28081
0.0
9792
11.283186
2
29376
29376
0.0
13440
15.486726
4
30683
30683
0.0
9792
11.283186
2
31434
31434
0.0
13056
15.044249
4
30351
30351
0.0
9792
11.283186
2
28350
28350
0.0
8832
10.1769905
1
27270
27270
0.0
9792
11.283186
2
29007
29007
0.0
9792
11.283186
2
30408
30408
0.0
8832
10.1769905
1
28073
28073
0.0
8832
10.1769905
1
27730
27730
0.0
9792
11.283186
2
29623
29623
0.0
11904
13.716814
4
30966
30966
0.0
9792
11.283186
2
27456
27456
0.0
