11904
13.716814
1
20793
20793
0.0
11904
13.716814
1
20769
20769
0.0
11904
13.716814
1
20678
20678
0.0
11904
13.716814
1
20923
20923
0.0
11904
13.716814
1
20472
20472
0.0
11904
13.716814
1
21031
21031
0.0
11904
13.716814
1
20725
20725
0.0
11904
13.716814
1
20515
20515
0.0
11904
13.716814
1
20852
20852
0.0
11904
13.716814
1
20621
20621
0.0
11904
13.716814
1
20252
20252
0.0
11904
13.716814
1
20419
20419
0.0
11904
13.716814
1
20921
20921
0.0
11904
13.716814
1
21142
21142
0.0
11904
13.716814
1
20554
20554
0.0
11904
13.716814
1
20832
20832
0.0
11904
13.716814
1
21472
21472
0.0
11904
13.716814
1
20494
20494
0.0
11904
13.716814
1
20703
20703
0.0
