14592
16.81416
2
20685
20685
0.0
13632
15.707965
1
20785
20785
0.0
13632
15.707965
1
21107
21107
0.0
13632
15.707965
1
20901
20901
0.0
13632
15.707965
1
20630
20630
0.0
13632
15.707965
1
20853
20853
0.0
13632
15.707965
1
20602
20602
0.0
13632
15.707965
1
21044
21044
0.0
13632
15.707965
1
20761
20761
0.0
13632
15.707965
1
20718
20718
0.0
13632
15.707965
1
20927
20927
0.0
13632
15.707965
1
20516
20516
0.0
13632
15.707965
1
21091
21091
0.0
13632
15.707965
1
20652
20652
0.0
13632
15.707965
1
20940
20940
0.0
13632
15.707965
1
20523
20523
0.0
13632
15.707965
1
20850
20850
0.0
13632
15.707965
1
20663
20663
0.0
13632
15.707965
1
20587
20587
0.0
