4992
5.7522125
1
19902
19902
0.0
4992
5.7522125
1
19748
19748
0.0
4992
5.7522125
1
19766
19766
0.0
4992
5.7522125
1
19896
19896
0.0
4992
5.7522125
1
19912
19912
0.0
4992
5.7522125
1
19900
19900
0.0
4992
5.7522125
1
19900
19901
5.0251256E-5
4992
5.7522125
1
19893
19893
0.0
4992
5.7522125
1
19862
19862
0.0
4992
5.7522125
1
19898
19898
0.0
4992
5.7522125
1
19904
19904
0.0
4992
5.7522125
1
19842
19842
0.0
4992
5.7522125
1
19846
19846
0.0
4992
5.7522125
1
19895
19895
0.0
4992
5.7522125
1
19900
19900
0.0
4992
5.7522125
1
19057
19057
0.0
4992
5.7522125
1
19861
19861
0.0
4992
5.7522125
1
19924
19924
0.0
4992
5.7522125
1
19923
19923
0.0
