17664
20.353981
11
22777
22777
0.0
13056
15.044249
4
23144
23144
0.0
19776
22.787611
13
24161
24161
0.0
18240
21.017698
5
24071
24071
0.0
15168
17.477877
13
22326
22326
0.0
17472
20.132742
12
22710
22710
0.0
17088
19.690266
13
22696
22696
0.0
17472
20.132742
12
22720
22720
0.0
21504
24.77876
12
24449
24449
0.0
15552
17.920355
12
22616
22616
0.0
16512
19.026548
14
23734
23734
0.0
14400
16.59292
13
22039
22039
0.0
16704
19.247787
14
22618
22618
0.0
16704
19.247787
14
24670
24670
0.0
19200
22.123894
16
23932
23932
0.0
