1728
1.9911505
4
19858
19858
0.0
1728
1.9911505
3
19878
19878
0.0
1728
1.9911505
3
19811
19811
0.0
1728
1.9911505
3
19723
19723
0.0
1728
1.9911505
3
19729
19729
0.0
1728
1.9911505
3
19745
19745
0.0
1728
1.9911505
4
19835
19836
5.0415932E-5
1728
1.9911505
3
19922
19922
0.0
1728
1.9911505
3
19722
19723
5.0704795E-5
1728
1.9911505
3
19702
19702
0.0
1728
1.9911505
3
19844
19844
0.0
1728
1.9911505
3
19684
19684
0.0
1728
1.9911505
3
19738
19738
0.0
1728
1.9911505
4
19625
19625
0.0
1728
1.9911505
4
19829
19829
0.0
1728
1.9911505
3
19684
19684
0.0
1728
1.9911505
3
19751
19751
0.0
