8064
9.292035
4
21005
21005
0.0
7104
8.185841
3
20818
20818
0.0
9024
10.39823
5
21130
21130
0.0
7296
8.40708
3
20838
20838
0.0
6912
7.964602
3
21681
21681
0.0
9792
11.283186
5
21351
21351
0.0
8064
9.292035
4
20957
20957
0.0
8832
10.1769905
5
21208
21208
0.0
6720
7.743363
3
20620
20620
0.0
7872
9.070797
3
20911
20911
0.0
8640
9.955751
5
21889
21889
0.0
7488
8.628319
3
20878
20878
0.0
10368
11.946902
5
21741
21741
0.0
10176
11.725663
5
21382
21382
0.0
9216
10.619469
5
21234
21234
0.0
8256
9.513274
4
20942
20942
0.0
8064
9.292035
3
20908
20908
0.0
5568
6.415929
2
20501
20501
0.0
8640
9.955751
4
21105
21105
0.0
