13056
15.044249
14
23024
23024
0.0
12288
14.159292
12
21678
21678
0.0
13632
15.707965
14
22010
22010
0.0
13440
15.486726
12
22096
22096
0.0
13056
15.044249
13
21996
21996
0.0
11520
13.274336
13
21669
21669
0.0
13056
15.044249
13
21793
21793
0.0
14400
16.59292
12
22189
22189
0.0
11712
13.495575
15
22530
22530
0.0
13248
15.265487
12
22155
22155
0.0
8256
9.513274
4
23026
23026
0.0
9408
10.840708
11
21360
21360
0.0
12480
14.380531
13
21824
21824
0.0
10176
11.725663
4
22852
22852
0.0
11520
13.274336
5
22911
22911
0.0
