13248
15.265487
1
28709
28709
0.0
14208
16.371681
2
31369
31369
0.0
13248
15.265487
1
28894
28894
0.0
13248
15.265487
1
28637
28637
0.0
13248
15.265487
1
28761
28761
0.0
13248
15.265487
1
29418
29418
0.0
13248
15.265487
1
29126
29126
0.0
13248
15.265487
1
27965
27965
0.0
13248
15.265487
1
29707
29707
0.0
13248
15.265487
1
29133
29133
0.0
13248
15.265487
1
30062
30062
0.0
13248
15.265487
1
29719
29719
0.0
13248
15.265487
1
30903
30903
0.0
13248
15.265487
1
29817
29817
0.0
13632
15.707965
1
32795
32795
0.0
13248
15.265487
1
31393
31393
0.0
13248
15.265487
1
29213
29213
0.0
13248
15.265487
1
30004
30004
0.0
13248
15.265487
1
29899
29899
0.0
13248
15.265487
1
31105
31105
0.0
13248
15.265487
1
30032
30032
0.0
13248
15.265487
1
31520
31520
0.0
13248
15.265487
1
29050
29050
0.0
13248
15.265487
1
29771
29771
0.0
13248
15.265487
1
30135
30135
0.0
13248
15.265487
1
30917
30917
0.0
13248
15.265487
1
30899
30899
0.0
13248
15.265487
1
33537
33537
0.0
13248
15.265487
1
28724
28724
0.0
13248
15.265487
1
33219
33219
0.0
14208
16.371681
1
34995
34995
0.0
13248
15.265487
1
27951
27951
0.0
13248
15.265487
1
27770
27770
0.0
14208
16.371681
2
31856
31856
0.0
13248
15.265487
1
29520
29520
0.0
13248
15.265487
1
29742
29742
0.0
13248
15.265487
1
30313
30313
0.0
13248
15.265487
1
28836
28836
0.0
13248
15.265487
1
29052
29052
0.0
13248
15.265487
1
28254
28254
0.0
13248
15.265487
1
28999
28999
0.0
13248
15.265487
1
29484
29484
0.0
13248
15.265487
1
28655
28655
0.0
13248
15.265487
1
29887
29887
0.0
14208
16.371681
2
31556
31556
0.0
13248
15.265487
1
29218
29218
0.0
13248
15.265487
1
28684
28684
0.0
13248
15.265487
1
29588
29588
0.0
13248
15.265487
1
27638
27638
0.0
13248
15.265487
1
29656
29656
0.0
13248
15.265487
1
30102
30102
0.0
13248
15.265487
1
30019
30019
0.0
13248
15.265487
1
29766
29766
0.0
13248
15.265487
1
30096
30096
0.0
13248
15.265487
1
28427
28427
0.0
13248
15.265487
1
28760
28760
0.0
13248
15.265487
1
30198
30198
0.0
13824
15.929204
1
30721
30721
0.0
13632
15.707965
1
30458
30458
0.0
13248
15.265487
1
28005
28005
0.0
13248
15.265487
1
30111
30111
0.0
13248
15.265487
1
30200
30200
0.0
13248
15.265487
1
27990
27990
0.0
13248
15.265487
1
29012
29012
0.0
13248
15.265487
1
28035
28035
0.0
13248
15.265487
1
37831
37831
0.0
13248
15.265487
1
28692
28692
0.0
13248
15.265487
1
29050
29050
0.0
13248
15.265487
1
28204
28204
0.0
13248
15.265487
1
29608
29608
0.0
14208
16.371681
2
31308
31308
0.0
13248
15.265487
1
28778
28778
0.0
13248
15.265487
1
29754
29754
0.0
13248
15.265487
1
29504
29504
0.0
13248
15.265487
1
27464
27464
0.0
13248
15.265487
1
29314
29314
0.0
13248
15.265487
1
29512
29512
0.0
13248
15.265487
1
28964
28964
0.0
14208
16.371681
2
30503
30503
0.0
13248
15.265487
1
29821
29821
0.0
13248
15.265487
1
30276
30276
0.0
13248
15.265487
1
28380
28380
0.0
13248
15.265487
1
28890
28890
0.0
13248
15.265487
1
29984
29984
0.0
13248
15.265487
1
30120
30120
0.0
13248
15.265487
1
28305
28305
0.0
13248
15.265487
1
31926
31926
0.0
13248
15.265487
1
28542
28542
0.0
14208
16.371681
1
33196
33196
0.0
13248
15.265487
1
28380
28380
0.0
13248
15.265487
1
27938
27938
0.0
13248
15.265487
1
28196
28196
0.0
13248
15.265487
1
29635
29635
0.0
13248
15.265487
1
29716
29716
0.0
13824
15.929204
1
30333
30333
0.0
13248
15.265487
1
30970
30970
0.0
13248
15.265487
1
30243
30243
0.0
13248
15.265487
1
29309
29309
0.0
13248
15.265487
1
29860
29860
0.0
13248
15.265487
1
30087
30087
0.0
13440
15.486726
1
30384
30384
0.0
13248
15.265487
1
29532
29532
0.0
