15360
17.699116
1
21859
21859
0.0
15360
17.699116
1
21579
21579
0.0
15360
17.699116
1
21465
21465
0.0
15360
17.699116
1
22000
22000
0.0
15360
17.699116
1
21618
21618
0.0
15360
17.699116
1
21895
21895
0.0
15360
17.699116
1
21381
21381
0.0
15360
17.699116
1
21717
21717
0.0
15360
17.699116
1
21652
21652
0.0
15360
17.699116
1
21988
21988
0.0
15360
17.699116
1
22100
22100
0.0
15360
17.699116
1
21588
21588
0.0
15360
17.699116
1
21705
21705
0.0
15360
17.699116
1
21909
21909
0.0
15360
17.699116
1
21732
21732
0.0
15360
17.699116
1
21426
21426
0.0
15360
17.699116
1
21818
21818
0.0
15360
17.699116
1
21595
21595
0.0
15360
17.699116
1
21883
21883
0.0
