10944
12.610619
4
31210
31210
0.0
11712
13.495575
5
33489
33489
0.0
9984
11.504425
5
32205
32205
0.0
11904
13.716814
4
32374
32374
0.0
9024
10.39823
5
32497
32497
0.0
10752
12.38938
4
33431
33431
0.0
11136
12.831858
5
34089
34089
0.0
7296
8.40708
3
31060
31060
0.0
11712
13.495575
5
32690
32690
0.0
13248
15.265487
5
31032
31032
0.0
11712
13.495575
5
32806
32806
0.0
12480
14.380531
5
32212
32212
0.0
14016
16.150442
7
37596
37596
0.0
11904
13.716814
5
32648
32648
0.0
11520
13.274336
8
39751
39751
0.0
14592
16.81416
7
35729
35729
0.0
11136
12.831858
5
31282
31282
0.0
10752
12.38938
4
32358
32358
0.0
10176
11.725663
5
32076
32076
0.0
10944
12.610619
4
32600
32600
0.0
13440
15.486726
5
35486
35486
0.0
13440
15.486726
6
33840
33840
0.0
11328
13.053097
5
34765
34765
0.0
10176
11.725663
4
35444
35444
0.0
11904
13.716814
5
29109
29109
0.0
13632
15.707965
5
30967
30967
0.0
10944
12.610619
5
32988
32988
0.0
9024
10.39823
4
30764
30764
0.0
10944
12.610619
5
30409
30409
0.0
11520
13.274336
4
30914
30914
0.0
9408
10.840708
4
30332
30332
0.0
13248
15.265487
6
32166
32167
3.1088726E-5
9600
11.061947
3
31628
31628
0.0
11328
13.053097
6
33666
33666
0.0
12672
14.60177
5
31244
31244
0.0
9216
10.619469
4
31104
31104
0.0
12672
14.60177
5
31847
31847
0.0
11136
12.831858
5
30258
30258
0.0
9600
11.061947
4
30689
30689
0.0
11520
13.274336
6
33904
33904
0.0
10752
12.38938
4
29823
29823
0.0
10560
12.168141
5
30829
30829
0.0
13440
15.486726
5
31168
31168
0.0
12672
14.60177
6
34005
34005
0.0
9408
10.840708
5
30754
30754
0.0
8448
9.734513
3
30782
30782
0.0
13248
15.265487
5
31328
31328
0.0
12480
14.380531
5
30719
30719
0.0
9984
11.504425
4
29131
29131
0.0
10176
11.725663
4
28560
28560
0.0
10752
12.38938
4
28250
28250
0.0
11904
13.716814
5
31104
31104
0.0
11520
13.274336
5
30398
30398
0.0
9024
10.39823
4
30194
30194
0.0
9216
10.619469
4
31121
31121
0.0
10752
12.38938
4
31558
31558
0.0
13248
15.265487
5
31970
31970
0.0
10368
11.946902
4
31479
31479
0.0
11904
13.716814
4
33496
33496
0.0
14592
16.81416
8
37145
37145
0.0
10368
11.946902
3
32332
32332
0.0
11712
13.495575
4
29331
29331
0.0
15552
17.920355
5
42309
42309
0.0
11328
13.053097
5
32502
32502
0.0
9792
11.283186
4
30292
30292
0.0
12864
14.8230095
6
33159
33159
0.0
11904
13.716814
4
30707
30707
0.0
12480
14.380531
6
32620
32620
0.0
14976
17.256638
5
30793
30793
0.0
10368
11.946902
4
29947
29947
0.0
8640
9.955751
4
30394
30394
0.0
12864
14.8230095
6
33446
33446
0.0
11712
13.495575
4
31124
31125
3.2129545E-5
9600
11.061947
3
31212
31212
0.0
10752
12.38938
4
29827
29827
0.0
12096
13.938053
6
32099
32099
0.0
12288
14.159292
5
30744
30744
0.0
12480
14.380531
5
30905
30905
0.0
9984
11.504425
4
28889
28889
0.0
9600
11.061947
4
30040
30040
0.0
8832
10.1769905
4
30693
30693
0.0
8640
9.955751
4
29909
29909
0.0
12480
14.380531
5
31088
31088
0.0
10752
12.38938
5
33452
33452
0.0
13824
15.929204
5
30612
30612
0.0
12096
13.938053
4
34011
34011
0.0
11328
13.053097
4
29128
29128
0.0
10752
12.38938
5
31790
31790
0.0
11904
13.716814
5
31230
31230
0.0
10944
12.610619
4
30937
30937
0.0
10944
12.610619
4
31561
31561
0.0
10752
12.38938
4
31741
31741
0.0
12480
14.380531
6
33703
33703
0.0
13632
15.707965
5
30370
30370
0.0
9984
11.504425
4
29996
29996
0.0
9984
11.504425
5
32784
32784
0.0
10944
12.610619
4
30167
30167
0.0
7296
8.40708
4
30948
30948
0.0
11328
13.053097
4
30526
30526
0.0
10176
11.725663
4
31443
31443
0.0
