2880
3.318584
13
19964
19964
0.0
1920
2.2123895
11
19786
19786
0.0
1920
2.2123895
13
19899
19899
0.0
1920
2.2123895
13
19860
19860
0.0
1920
2.2123895
12
19794
19794
0.0
1920
2.2123895
12
19792
19792
0.0
1920
2.2123895
12
19776
19776
0.0
1920
2.2123895
13
19833
19833
0.0
1920
2.2123895
12
19757
19757
0.0
1920
2.2123895
12
19798
19798
0.0
1920
2.2123895
12
19794
19794
0.0
1920
2.2123895
12
19834
19834
0.0
1920
2.2123895
12
19808
19808
0.0
1920
2.2123895
12
19692
19692
0.0
1920
2.2123895
12
19645
19645
0.0
1920
2.2123895
13
19837
19837
0.0
1920
2.2123895
12
19682
19682
0.0
