11904
13.716814
11
21867
21867
0.0
10752
12.38938
13
21148
21148
0.0
13056
15.044249
12
22188
22188
0.0
10944
12.610619
12
22626
22626
0.0
10752
12.38938
11
21702
21702
0.0
12480
14.380531
13
21936
21936
0.0
9792
11.283186
10
21291
21291
0.0
12288
14.159292
11
21899
21899
0.0
10368
11.946902
11
21429
21429
0.0
10560
12.168141
12
21309
21309
0.0
13824
15.929204
12
22078
22078
0.0
10176
11.725663
4
22575
22575
0.0
9792
11.283186
11
22455
22455
0.0
11904
13.716814
13
21797
21797
0.0
13056
15.044249
12
22066
22066
0.0
11328
13.053097
15
21602
21602
0.0
13056
15.044249
14
21974
21974
0.0
