11136
12.831858
1
19732
19732
0.0
11904
13.716814
1
19929
19929
0.0
11904
13.716814
1
19834
19834
0.0
11136
12.831858
1
19702
19702
0.0
11520
13.274336
1
19825
19825
0.0
11712
13.495575
1
19816
19816
0.0
11712
13.495575
1
19865
19865
0.0
11904
13.716814
1
19919
19919
0.0
11904
13.716814
1
19835
19836
5.0415932E-5
11136
12.831858
1
19726
19726
0.0
11712
13.495575
1
19837
19837
0.0
11904
13.716814
1
19878
19878
0.0
11136
12.831858
1
19747
19747
0.0
11904
13.716814
1
19845
19845
0.0
11904
13.716814
1
19854
19854
0.0
11712
13.495575
1
19851
19851
0.0
11136
12.831858
1
19714
19714
0.0
11712
13.495575
1
19786
19786
0.0
11904
13.716814
1
19824
19824
0.0
