3456
3.982301
13
20008
20008
0.0
3264
3.7610621
14
20023
20023
0.0
3456
3.982301
13
19975
19975
0.0
2880
3.318584
12
19928
19928
0.0
3648
4.20354
12
20122
20122
0.0
1920
2.2123895
10
19946
19946
0.0
4224
4.8672566
12
20168
20168
0.0
1920
2.2123895
10
19797
19797
0.0
2880
3.318584
12
19917
19917
0.0
2880
3.318584
11
19849
19849
0.0
2880
3.318584
14
20587
20587
0.0
3840
4.424779
11
19914
19914
0.0
2880
3.318584
12
20003
20003
0.0
3456
3.982301
13
20014
20014
0.0
2880
3.318584
13
20050
20050
0.0
3456
3.982301
13
19961
19961
0.0
