12480
14.380531
15
21586
21586
0.0
13824
15.929204
13
22104
22104
0.0
14208
16.371681
13
22107
22107
0.0
12096
13.938053
13
21641
21641
0.0
12864
14.8230095
14
21851
21851
0.0
11904
13.716814
13
22843
22843
0.0
9024
10.39823
11
21335
21335
0.0
9024
10.39823
12
21278
21278
0.0
12096
13.938053
12
21923
21923
0.0
14016
16.150442
13
22142
22142
0.0
10368
11.946902
4
22620
22620
0.0
15168
17.477877
15
22347
22347
0.0
11712
13.495575
15
23630
23630
0.0
10944
12.610619
13
21553
21553
0.0
14208
16.371681
13
22044
22044
0.0
