1536
1.7699115
1
19931
19931
0.0
1536
1.7699115
1
19958
19958
0.0
1536
1.7699115
1
19913
19913
0.0
1536
1.7699115
1
19715
19715
0.0
1536
1.7699115
1
19856
19856
0.0
1536
1.7699115
1
19791
19791
0.0
1536
1.7699115
1
19944
19944
0.0
1536
1.7699115
1
19861
19861
0.0
1536
1.7699115
1
19917
19917
0.0
1536
1.7699115
1
19719
19719
0.0
1536
1.7699115
1
19892
19892
0.0
1536
1.7699115
1
19895
19895
0.0
1536
1.7699115
1
19913
19913
0.0
1536
1.7699115
1
19851
19851
0.0
1536
1.7699115
1
19748
19748
0.0
1536
1.7699115
1
19885
19885
0.0
1536
1.7699115
1
19907
19907
0.0
1536
1.7699115
1
19797
19797
0.0
1536
1.7699115
1
19874
19874
0.0
