6720
7.743363
1
19677
19677
0.0
6720
7.743363
1
19837
19837
0.0
6720
7.743363
1
19910
19910
0.0
6720
7.743363
1
19900
19900
0.0
6720
7.743363
1
19875
19875
0.0
6720
7.743363
1
19797
19797
0.0
6720
7.743363
1
19906
19906
0.0
6720
7.743363
1
19882
19882
0.0
6720
7.743363
1
19894
19894
0.0
6720
7.743363
1
19885
19885
0.0
6720
7.743363
1
19791
19791
0.0
6720
7.743363
1
19830
19830
0.0
6720
7.743363
1
19808
19808
0.0
6720
7.743363
1
19885
19885
0.0
6720
7.743363
1
19861
19861
0.0
6720
7.743363
1
19893
19893
0.0
6720
7.743363
1
19871
19871
0.0
6720
7.743363
1
19750
19750
0.0
6720
7.743363
1
19858
19858
0.0
