8448
9.734513
1
19979
19979
0.0
8448
9.734513
1
20124
20124
0.0
8448
9.734513
1
20116
20116
0.0
8448
9.734513
1
19924
19924
0.0
8448
9.734513
1
20037
20037
0.0
8448
9.734513
1
20012
20012
0.0
8448
9.734513
1
19905
19905
0.0
8448
9.734513
1
20016
20016
0.0
8448
9.734513
1
19908
19908
0.0
8448
9.734513
1
19980
19980
0.0
8448
9.734513
1
20001
20001
0.0
8448
9.734513
1
19943
19943
0.0
8448
9.734513
1
20025
20025
0.0
8448
9.734513
1
19924
19924
0.0
8448
9.734513
1
19966
19966
0.0
8448
9.734513
1
20037
20037
0.0
8448
9.734513
1
20044
20044
0.0
8448
9.734513
1
19930
19930
0.0
8448
9.734513
1
19824
19824
0.0
