8448
9.734513
1
19824
19824
0.0
8448
9.734513
1
19744
19744
0.0
8448
9.734513
1
19788
19788
0.0
8448
9.734513
1
19843
19843
0.0
8448
9.734513
1
19910
19910
0.0
8448
9.734513
1
19906
19906
0.0
8448
9.734513
1
19855
19855
0.0
8448
9.734513
1
19897
19897
0.0
8448
9.734513
1
19868
19868
0.0
8448
9.734513
1
19854
19854
0.0
8448
9.734513
1
19835
19835
0.0
8448
9.734513
1
19701
19701
0.0
8448
9.734513
1
19867
19867
0.0
8448
9.734513
1
19879
19879
0.0
8448
9.734513
1
19815
19815
0.0
8448
9.734513
1
19827
19827
0.0
8448
9.734513
1
19855
19855
0.0
8448
9.734513
1
19850
19850
0.0
8448
9.734513
1
19854
19854
0.0
