11904
13.716814
1
19886
19886
0.0
11328
13.053097
1
19767
19767
0.0
11712
13.495575
1
19838
19838
0.0
11136
12.831858
1
19806
19806
0.0
11520
13.274336
1
19770
19770
0.0
11712
13.495575
1
19812
19812
0.0
11712
13.495575
1
19879
19879
0.0
11520
13.274336
1
19842
19842
0.0
11712
13.495575
1
19857
19857
0.0
11712
13.495575
1
19891
19891
0.0
11712
13.495575
1
19861
19861
0.0
11904
13.716814
1
19861
19861
0.0
11712
13.495575
1
19868
19868
0.0
11904
13.716814
1
19903
19903
0.0
11712
13.495575
1
19840
19840
0.0
11136
12.831858
1
19698
19698
0.0
11904
13.716814
1
19882
19882
0.0
11712
13.495575
1
19842
19842
0.0
11328
13.053097
1
19731
19731
0.0
