8832
10.1769905
1
21226
21226
0.0
8832
10.1769905
1
21220
21220
0.0
8832
10.1769905
1
21155
21155
0.0
9792
11.283186
2
22566
22566
0.0
8832
10.1769905
1
21162
21162
0.0
8832
10.1769905
1
21128
21128
0.0
8832
10.1769905
1
20926
20926
0.0
8832
10.1769905
1
21158
21158
0.0
8832
10.1769905
1
21118
21118
0.0
8832
10.1769905
1
21176
21176
0.0
8832
10.1769905
1
21050
21050
0.0
8832
10.1769905
1
21119
21119
0.0
8832
10.1769905
1
21158
21158
0.0
8832
10.1769905
1
21188
21188
0.0
8832
10.1769905
1
21099
21099
0.0
9792
11.283186
2
21397
21397
0.0
8832
10.1769905
1
21156
21156
0.0
9792
11.283186
2
22221
22221
0.0
