8448
9.734513
1
20958
20958
0.0
8448
9.734513
1
20689
20689
0.0
8448
9.734513
1
21111
21111
0.0
8448
9.734513
1
21069
21069
0.0
8448
9.734513
1
20858
20858
0.0
8448
9.734513
1
20668
20668
0.0
8448
9.734513
1
21010
21010
0.0
8448
9.734513
1
20995
20995
0.0
8448
9.734513
1
20580
20580
0.0
8448
9.734513
1
21003
21003
0.0
8448
9.734513
1
20565
20565
0.0
8448
9.734513
1
20645
20645
0.0
8448
9.734513
1
20876
20876
0.0
8448
9.734513
1
20833
20833
0.0
8448
9.734513
1
21029
21029
0.0
8448
9.734513
1
20643
20643
0.0
8448
9.734513
1
20603
20603
0.0
8448
9.734513
1
20828
20828
0.0
8448
9.734513
1
20391
20391
0.0
