12480
14.380531
1
19975
19975
0.0
13056
15.044249
1
20179
20179
0.0
12096
13.938053
1
19886
19886
0.0
12480
14.380531
1
20031
20031
0.0
11904
13.716814
1
19854
19854
0.0
12096
13.938053
1
19952
19952
0.0
12864
14.8230095
1
20063
20063
0.0
11904
13.716814
1
19884
19884
0.0
12480
14.380531
1
20016
20016
0.0
12864
14.8230095
1
20069
20069
0.0
13248
15.265487
1
20109
20109
0.0
12096
13.938053
1
19904
19904
0.0
12096
13.938053
1
19927
19927
0.0
13056
15.044249
1
20097
20097
0.0
12288
14.159292
1
19990
19990
0.0
12096
13.938053
1
19918
19918
0.0
11712
13.495575
1
19853
19853
0.0
11904
13.716814
1
19894
19894
0.0
12480
14.380531
1
20025
20025
0.0
