11136
12.831858
4
30873
30873
0.0
10176
11.725663
4
32229
32229
0.0
9408
10.840708
4
31674
31674
0.0
10944
12.610619
4
30663
30663
0.0
9408
10.840708
4
33445
33445
0.0
9984
11.504425
4
33179
33179
0.0
11904
13.716814
4
30208
30208
0.0
9600
11.061947
4
30627
30627
0.0
11904
13.716814
4
32653
32653
0.0
10560
12.168141
5
34334
34334
0.0
11712
13.495575
4
30378
30378
0.0
10176
11.725663
4
30511
30511
0.0
10752
12.38938
4
31860
31860
0.0
12288
14.159292
4
35301
35301
0.0
10368
11.946902
5
32879
32879
0.0
12288
14.159292
4
29838
29838
0.0
11136
12.831858
4
29920
29920
0.0
11904
13.716814
4
30088
30088
0.0
8832
10.1769905
4
29755
29755
0.0
12288
14.159292
5
30828
30828
0.0
11520
13.274336
4
30653
30653
0.0
8256
9.513274
3
30644
30644
0.0
10944
12.610619
4
30436
30436
0.0
10752
12.38938
4
29759
29759
0.0
10368
11.946902
4
30568
30568
0.0
13632
15.707965
4
30357
30357
0.0
10176
11.725663
4
30565
30565
0.0
9792
11.283186
4
29417
29417
0.0
9600
11.061947
4
29691
29691
0.0
12864
14.8230095
5
31632
31632
0.0
12288
14.159292
4
31279
31279
0.0
14592
16.81416
5
29951
29951
0.0
10944
12.610619
5
32466
32466
0.0
10752
12.38938
4
39376
39376
0.0
10944
12.610619
4
30864
30864
0.0
11136
12.831858
5
29289
29289
0.0
11712
13.495575
5
31373
31374
3.187454E-5
13248
15.265487
5
29925
29925
0.0
11136
12.831858
4
30318
30318
0.0
9984
11.504425
4
30139
30139
0.0
11712
13.495575
4
28855
28855
0.0
10176
11.725663
4
30501
30501
0.0
10752
12.38938
4
31163
31163
0.0
11136
12.831858
4
29186
29186
0.0
8640
9.955751
4
30427
30427
0.0
12864
14.8230095
4
30857
30857
0.0
10368
11.946902
4
29831
29831
0.0
9408
10.840708
4
30116
30116
0.0
10176
11.725663
4
30650
30650
0.0
10368
11.946902
5
31879
31879
0.0
9600
11.061947
4
28917
28917
0.0
10752
12.38938
4
31936
31936
0.0
11328
13.053097
4
31360
31360
0.0
11712
13.495575
4
30912
30912
0.0
11136
12.831858
4
32438
32438
0.0
