5952
6.858407
2
20862
20862
0.0
4992
5.7522125
1
20375
20375
0.0
4992
5.7522125
1
20790
20790
0.0
4992
5.7522125
1
20689
20689
0.0
4992
5.7522125
1
20580
20580
0.0
5952
6.858407
2
20817
20817
0.0
5952
6.858407
2
21778
21778
0.0
4992
5.7522125
1
20719
20719
0.0
6912
7.964602
5
20927
20927
0.0
4992
5.7522125
1
20761
20761
0.0
6912
7.964602
4
20804
20804
0.0
9024
10.39823
10
20976
20976
0.0
4992
5.7522125
1
20782
20782
0.0
8064
9.292035
7
21019
21019
0.0
4992
5.7522125
1
20590
20590
0.0
4992
5.7522125
1
20520
20520
0.0
8064
9.292035
9
21094
21094
0.0
4992
5.7522125
1
20451
20451
0.0
4992
5.7522125
1
20740
20740
0.0
