1536
1.7699115
1
19943
19943
0.0
1536
1.7699115
1
20019
20019
0.0
1536
1.7699115
1
20047
20048
4.9882776E-5
1536
1.7699115
1
19929
19929
0.0
1536
1.7699115
1
20100
20100
0.0
1536
1.7699115
1
20007
20007
0.0
1536
1.7699115
1
20002
20002
0.0
1536
1.7699115
1
20018
20018
0.0
1536
1.7699115
1
20071
20071
0.0
1536
1.7699115
1
19988
19988
0.0
1536
1.7699115
1
20041
20041
0.0
2496
2.8761063
2
20128
20128
0.0
1536
1.7699115
1
19957
19957
0.0
1536
1.7699115
1
20030
20030
0.0
1536
1.7699115
1
20010
20010
0.0
1536
1.7699115
1
20050
20051
4.987531E-5
1536
1.7699115
1
19858
19858
0.0
2496
2.8761063
2
20030
20030
0.0
