12480
14.380531
1
19985
19985
0.0
13632
15.707965
1
20256
20256
0.0
12480
14.380531
1
20021
20021
0.0
12480
14.380531
1
19969
19969
0.0
12480
14.380531
1
19962
19962
0.0
13056
15.044249
1
20096
20096
0.0
12288
14.159292
1
19967
19967
0.0
13248
15.265487
1
20168
20168
0.0
12096
13.938053
1
19949
19949
0.0
13056
15.044249
1
20088
20088
0.0
12288
14.159292
1
19950
19950
0.0
11904
13.716814
1
19867
19867
0.0
12480
14.380531
1
19980
19980
0.0
12672
14.60177
1
20016
20016
0.0
12864
14.8230095
1
20100
20100
0.0
12672
14.60177
1
20031
20031
0.0
12288
14.159292
1
19945
19945
0.0
13632
15.707965
1
20228
20228
0.0
12288
14.159292
1
19989
19989
0.0
