16128
18.58407
12
22525
22525
0.0
16128
18.58407
12
22678
22678
0.0
17664
20.353981
15
22882
22882
0.0
16512
19.026548
12
22819
22819
0.0
18432
21.238937
14
23935
23935
0.0
17472
20.132742
13
22740
22740
0.0
14976
17.256638
5
23623
23623
0.0
17856
20.57522
14
22849
22849
0.0
16512
19.026548
5
24020
24020
0.0
18048
20.79646
13
22940
22940
0.0
13440
15.486726
5
23123
23123
0.0
15936
18.362831
14
22569
22569
0.0
15168
17.477877
12
23485
23485
0.0
17280
19.911503
13
22719
22719
0.0
13824
15.929204
13
22155
22155
0.0
15552
17.920355
13
23390
23390
0.0
17472
20.132742
12
22741
22741
0.0
