11904
13.716814
1
21884
21884
0.0
11904
13.716814
1
22096
22096
0.0
11904
13.716814
1
21348
21348
0.0
11904
13.716814
1
22053
22053
0.0
12864
14.8230095
2
23267
23267
0.0
11904
13.716814
1
21349
21349
0.0
12864
14.8230095
3
21969
21969
0.0
11904
13.716814
1
21866
21866
0.0
11904
13.716814
1
21361
21361
0.0
11904
13.716814
1
20960
20960
0.0
11904
13.716814
1
21521
21521
0.0
11904
13.716814
1
21299
21299
0.0
11904
13.716814
1
21388
21388
0.0
11904
13.716814
1
21866
21866
0.0
11904
13.716814
1
21477
21477
0.0
11904
13.716814
1
21828
21828
0.0
11904
13.716814
1
21974
21974
0.0
11904
13.716814
1
21835
21835
0.0
