6720
7.743363
1
20039
20039
0.0
6720
7.743363
1
19947
19947
0.0
6720
7.743363
1
19891
19891
0.0
6720
7.743363
1
20258
20258
0.0
6720
7.743363
1
20019
20019
0.0
6720
7.743363
1
20126
20126
0.0
6720
7.743363
1
19978
19978
0.0
6720
7.743363
1
20147
20147
0.0
6720
7.743363
1
19900
19900
0.0
6720
7.743363
1
19854
19854
0.0
6720
7.743363
1
20156
20156
0.0
6720
7.743363
1
20013
20013
0.0
6720
7.743363
1
20019
20019
0.0
6720
7.743363
1
19873
19873
0.0
6720
7.743363
1
20046
20046
0.0
6720
7.743363
1
20105
20105
0.0
6720
7.743363
1
20028
20028
0.0
6720
7.743363
1
20016
20016
0.0
6720
7.743363
1
19823
19823
0.0
